/*=========================================================================

Program: FEMUS
Module: Gauss
Authors: Eugenio Aulisa, Giorgio Bornia, Erdi Kara

Copyright (c) FEMTTU
All rights reserved.

This software is distributed WITHOUT ANY WARRANTY; without even
the implied warranty of MERCHANTABILITY or FITNESS FOR A PARTICULAR
PURPOSE.  See the above copyright notice for more information.

=========================================================================*/

#include "QuadGaussLegendrePoints.hpp"
#include <iostream>
#include <stdlib.h>
#include <string.h>

namespace femus {
const unsigned quad_gaussLegendre::GaussPoints[38] = {1, 1, 4, 4, 9, 9, 16, 16, 25, 25, 36, 36, 49, 49, 64, 64, 81, 81, 100, 100, 121, 121, 144, 144, 169, 169, 196, 196, 225, 225, 256, 256, 289, 289, 324, 324, 361, 361};

const double * quad_gaussLegendre::Gauss[38] = {Gauss0[0], Gauss1[0], Gauss2[0], Gauss3[0], Gauss4[0], Gauss5[0], Gauss6[0], Gauss7[0], Gauss8[0], Gauss9[0], Gauss10[0], Gauss11[0], Gauss12[0], Gauss13[0], Gauss14[0], Gauss15[0], Gauss16[0], Gauss17[0], Gauss18[0], Gauss19[0], Gauss20[0], Gauss21[0], Gauss22[0], Gauss23[0], Gauss24[0], Gauss25[0], Gauss26[0], Gauss27[0], Gauss28[0], Gauss29[0], Gauss30[0], Gauss31[0], Gauss32[0], Gauss33[0], Gauss34[0], Gauss35[0], Gauss36[0], Gauss37[0]};

const double quad_gaussLegendre::Gauss0[3][1] = {{4},
{0},
{0}};

const double quad_gaussLegendre::Gauss1[3][1] = {{4},
{0},
{0}};

const double quad_gaussLegendre::Gauss2[3][4] = {{1, 1, 1, 1},
{-0.57735026918963, -0.57735026918963, 0.57735026918963, 0.57735026918963},
{-0.57735026918963, 0.57735026918963, -0.57735026918963, 0.57735026918963}};

const double quad_gaussLegendre::Gauss3[3][4] = {{1, 1, 1, 1},
{-0.57735026918963, -0.57735026918963, 0.57735026918963, 0.57735026918963},
{-0.57735026918963, 0.57735026918963, -0.57735026918963, 0.57735026918963}};

const double quad_gaussLegendre::Gauss4[3][9] = {{0.30864197530865, 0.49382716049383, 0.30864197530865, 0.49382716049383, 0.79012345679013, 0.49382716049383, 0.30864197530865, 0.49382716049383, 0.30864197530865},
{-0.77459666924148, -0.77459666924148, -0.77459666924148, 0, 0, 0, 0.77459666924148, 0.77459666924148, 0.77459666924148},
{-0.77459666924148, 0, 0.77459666924148, -0.77459666924148, 0, 0.77459666924148, -0.77459666924148, -2.7755575615629e-17, 0.77459666924148}};

const double quad_gaussLegendre::Gauss5[3][9] = {{0.30864197530865, 0.49382716049383, 0.30864197530865, 0.49382716049383, 0.79012345679013, 0.49382716049383, 0.30864197530865, 0.49382716049383, 0.30864197530865},
{-0.77459666924148, -0.77459666924148, -0.77459666924148, 0, 0, 0, 0.77459666924148, 0.77459666924148, 0.77459666924148},
{-0.77459666924148, 0, 0.77459666924148, -0.77459666924148, 0, 0.77459666924148, -0.77459666924148, -2.7755575615629e-17, 0.77459666924148}};

const double quad_gaussLegendre::Gauss6[3][16] = {{0.1210029932856, 0.22685185185185, 0.22685185185185, 0.1210029932856, 0.22685185185185, 0.4252933030107, 0.4252933030107, 0.22685185185185, 0.22685185185185, 0.4252933030107, 0.4252933030107, 0.22685185185185, 0.1210029932856, 0.22685185185185, 0.22685185185185, 0.1210029932856},
{-0.86113631159405, -0.86113631159405, -0.86113631159405, -0.86113631159405, -0.33998104358486, -0.33998104358486, -0.33998104358486, -0.33998104358486, 0.33998104358486, 0.33998104358486, 0.33998104358486, 0.33998104358486, 0.86113631159405, 0.86113631159405, 0.86113631159405, 0.86113631159405},
{-0.86113631159405, -0.33998104358486, 0.33998104358486, 0.86113631159405, -0.86113631159405, -0.33998104358486, 0.33998104358486, 0.86113631159405, -0.86113631159405, -0.33998104358486, 0.33998104358486, 0.86113631159405, -0.86113631159405, -0.33998104358486, 0.33998104358486, 0.86113631159405}};

const double quad_gaussLegendre::Gauss7[3][16] = {{0.1210029932856, 0.22685185185185, 0.22685185185185, 0.1210029932856, 0.22685185185185, 0.4252933030107, 0.4252933030107, 0.22685185185185, 0.22685185185185, 0.4252933030107, 0.4252933030107, 0.22685185185185, 0.1210029932856, 0.22685185185185, 0.22685185185185, 0.1210029932856},
{-0.86113631159405, -0.86113631159405, -0.86113631159405, -0.86113631159405, -0.33998104358486, -0.33998104358486, -0.33998104358486, -0.33998104358486, 0.33998104358486, 0.33998104358486, 0.33998104358486, 0.33998104358486, 0.86113631159405, 0.86113631159405, 0.86113631159405, 0.86113631159405},
{-0.86113631159405, -0.33998104358486, 0.33998104358486, 0.86113631159405, -0.86113631159405, -0.33998104358486, 0.33998104358486, 0.86113631159405, -0.86113631159405, -0.33998104358486, 0.33998104358486, 0.86113631159405, -0.86113631159405, -0.33998104358486, 0.33998104358486, 0.86113631159405}};

const double quad_gaussLegendre::Gauss8[3][25] = {{0.056134348862429, 0.1134, 0.13478507238752, 0.1134, 0.056134348862429, 0.1134, 0.22908540422399, 0.27228653255075, 0.22908540422399, 0.1134, 0.13478507238752, 0.27228653255075, 0.32363456790124, 0.27228653255075, 0.13478507238752, 0.1134, 0.22908540422399, 0.27228653255075, 0.22908540422399, 0.1134, 0.056134348862429, 0.1134, 0.13478507238752, 0.1134, 0.056134348862429},
{-0.90617984593866, -0.90617984593866, -0.90617984593866, -0.90617984593866, -0.90617984593866, -0.53846931010568, -0.53846931010568, -0.53846931010568, -0.53846931010568, -0.53846931010568, 0, 0, 0, 0, 0, 0.53846931010568, 0.53846931010568, 0.53846931010568, 0.53846931010568, 0.53846931010568, 0.90617984593866, 0.90617984593866, 0.90617984593866, 0.90617984593866, 0.90617984593866},
{-0.90617984593866, -0.53846931010568, 0, 0.53846931010568, 0.90617984593866, -0.90617984593866, -0.53846931010568, 0, 0.53846931010568, 0.90617984593866, -0.90617984593866, -0.53846931010568, 0, 0.53846931010568, 0.90617984593866, -0.90617984593866, -0.53846931010568, -2.7755575615629e-17, 0.53846931010568, 0.90617984593866, -0.90617984593866, -0.53846931010568, -2.7755575615629e-17, 0.53846931010568, 0.90617984593866}};

const double quad_gaussLegendre::Gauss9[3][25] = {{0.056134348862429, 0.1134, 0.13478507238752, 0.1134, 0.056134348862429, 0.1134, 0.22908540422399, 0.27228653255075, 0.22908540422399, 0.1134, 0.13478507238752, 0.27228653255075, 0.32363456790124, 0.27228653255075, 0.13478507238752, 0.1134, 0.22908540422399, 0.27228653255075, 0.22908540422399, 0.1134, 0.056134348862429, 0.1134, 0.13478507238752, 0.1134, 0.056134348862429},
{-0.90617984593866, -0.90617984593866, -0.90617984593866, -0.90617984593866, -0.90617984593866, -0.53846931010568, -0.53846931010568, -0.53846931010568, -0.53846931010568, -0.53846931010568, 0, 0, 0, 0, 0, 0.53846931010568, 0.53846931010568, 0.53846931010568, 0.53846931010568, 0.53846931010568, 0.90617984593866, 0.90617984593866, 0.90617984593866, 0.90617984593866, 0.90617984593866},
{-0.90617984593866, -0.53846931010568, 0, 0.53846931010568, 0.90617984593866, -0.90617984593866, -0.53846931010568, 0, 0.53846931010568, 0.90617984593866, -0.90617984593866, -0.53846931010568, 0, 0.53846931010568, 0.90617984593866, -0.90617984593866, -0.53846931010568, -2.7755575615629e-17, 0.53846931010568, 0.90617984593866, -0.90617984593866, -0.53846931010568, -2.7755575615629e-17, 0.53846931010568, 0.90617984593866}};

const double quad_gaussLegendre::Gauss10[3][36] = {{0.13014891258817, 0.13014891258817, 0.16880536708759, 0.16880536708759, 0.061807293372384, 0.061807293372384, 0.13014891258817, 0.13014891258817, 0.16880536708759, 0.16880536708759, 0.061807293372384, 0.061807293372384, 0.16880536708759, 0.16880536708759, 0.2189434501673, 0.2189434501673, 0.080165117317807, 0.080165117317807, 0.16880536708759, 0.16880536708759, 0.2189434501673, 0.2189434501673, 0.080165117317807, 0.080165117317807, 0.061807293372384, 0.061807293372384, 0.080165117317807, 0.080165117317807, 0.029352081688981, 0.029352081688981, 0.061807293372384, 0.061807293372384, 0.080165117317807, 0.080165117317807, 0.029352081688981, 0.029352081688981},
{0.66120938646626, 0.66120938646626, 0.66120938646626, 0.66120938646626, 0.66120938646626, 0.66120938646626, -0.66120938646626, -0.66120938646626, -0.66120938646626, -0.66120938646626, -0.66120938646626, -0.66120938646626, -0.2386191860832, -0.2386191860832, -0.2386191860832, -0.2386191860832, -0.2386191860832, -0.2386191860832, 0.2386191860832, 0.2386191860832, 0.2386191860832, 0.2386191860832, 0.2386191860832, 0.2386191860832, -0.93246951420315, -0.93246951420315, -0.93246951420315, -0.93246951420315, -0.93246951420315, -0.93246951420315, 0.93246951420315, 0.93246951420315, 0.93246951420315, 0.93246951420315, 0.93246951420315, 0.93246951420315},
{0.66120938646626, -0.66120938646626, -0.2386191860832, 0.2386191860832, -0.93246951420315, 0.93246951420315, 0.66120938646626, -0.66120938646626, -0.2386191860832, 0.2386191860832, -0.93246951420315, 0.93246951420315, 0.66120938646626, -0.66120938646626, -0.2386191860832, 0.2386191860832, -0.93246951420315, 0.93246951420315, 0.66120938646626, -0.66120938646626, -0.2386191860832, 0.2386191860832, -0.93246951420315, 0.93246951420315, 0.66120938646626, -0.66120938646626, -0.2386191860832, 0.2386191860832, -0.93246951420315, 0.93246951420315, 0.66120938646626, -0.66120938646626, -0.2386191860832, 0.2386191860832, -0.93246951420315, 0.93246951420315}};

const double quad_gaussLegendre::Gauss11[3][36] = {{0.13014891258817, 0.13014891258817, 0.16880536708759, 0.16880536708759, 0.061807293372384, 0.061807293372384, 0.13014891258817, 0.13014891258817, 0.16880536708759, 0.16880536708759, 0.061807293372384, 0.061807293372384, 0.16880536708759, 0.16880536708759, 0.2189434501673, 0.2189434501673, 0.080165117317807, 0.080165117317807, 0.16880536708759, 0.16880536708759, 0.2189434501673, 0.2189434501673, 0.080165117317807, 0.080165117317807, 0.061807293372384, 0.061807293372384, 0.080165117317807, 0.080165117317807, 0.029352081688981, 0.029352081688981, 0.061807293372384, 0.061807293372384, 0.080165117317807, 0.080165117317807, 0.029352081688981, 0.029352081688981},
{0.66120938646626, 0.66120938646626, 0.66120938646626, 0.66120938646626, 0.66120938646626, 0.66120938646626, -0.66120938646626, -0.66120938646626, -0.66120938646626, -0.66120938646626, -0.66120938646626, -0.66120938646626, -0.2386191860832, -0.2386191860832, -0.2386191860832, -0.2386191860832, -0.2386191860832, -0.2386191860832, 0.2386191860832, 0.2386191860832, 0.2386191860832, 0.2386191860832, 0.2386191860832, 0.2386191860832, -0.93246951420315, -0.93246951420315, -0.93246951420315, -0.93246951420315, -0.93246951420315, -0.93246951420315, 0.93246951420315, 0.93246951420315, 0.93246951420315, 0.93246951420315, 0.93246951420315, 0.93246951420315},
{0.66120938646626, -0.66120938646626, -0.2386191860832, 0.2386191860832, -0.93246951420315, 0.93246951420315, 0.66120938646626, -0.66120938646626, -0.2386191860832, 0.2386191860832, -0.93246951420315, 0.93246951420315, 0.66120938646626, -0.66120938646626, -0.2386191860832, 0.2386191860832, -0.93246951420315, 0.93246951420315, 0.66120938646626, -0.66120938646626, -0.2386191860832, 0.2386191860832, -0.93246951420315, 0.93246951420315, 0.66120938646626, -0.66120938646626, -0.2386191860832, 0.2386191860832, -0.93246951420315, 0.93246951420315, 0.66120938646626, -0.66120938646626, -0.2386191860832, 0.2386191860832, -0.93246951420315, 0.93246951420315}};

const double quad_gaussLegendre::Gauss12[3][49] = {{0.17468987921699, 0.15958937621112, 0.11690543709593, 0.054119430757928, 0.15958937621112, 0.11690543709593, 0.054119430757928, 0.15958937621112, 0.14579418746874, 0.1067999237589, 0.049441251171913, 0.14579418746874, 0.1067999237589, 0.049441251171913, 0.11690543709593, 0.1067999237589, 0.07823510602817, 0.03621764315424, 0.1067999237589, 0.07823510602817, 0.03621764315424, 0.054119430757928, 0.049441251171913, 0.03621764315424, 0.016766356463753, 0.049441251171913, 0.03621764315424, 0.016766356463753, 0.15958937621112, 0.14579418746874, 0.1067999237589, 0.049441251171913, 0.14579418746874, 0.1067999237589, 0.049441251171913, 0.11690543709593, 0.1067999237589, 0.07823510602817, 0.03621764315424, 0.1067999237589, 0.07823510602817, 0.03621764315424, 0.054119430757928, 0.049441251171913, 0.03621764315424, 0.016766356463753, 0.049441251171913, 0.03621764315424, 0.016766356463753},
{0, 0, 0, 0, 0, 0, 0, 0.4058451513774, 0.4058451513774, 0.4058451513774, 0.4058451513774, 0.4058451513774, 0.4058451513774, 0.4058451513774, 0.74153118559939, 0.74153118559939, 0.74153118559939, 0.74153118559939, 0.74153118559939, 0.74153118559939, 0.74153118559939, 0.94910791234276, 0.94910791234276, 0.94910791234276, 0.94910791234276, 0.94910791234276, 0.94910791234276, 0.94910791234276, -0.4058451513774, -0.4058451513774, -0.4058451513774, -0.4058451513774, -0.4058451513774, -0.4058451513774, -0.4058451513774, -0.74153118559939, -0.74153118559939, -0.74153118559939, -0.74153118559939, -0.74153118559939, -0.74153118559939, -0.74153118559939, -0.94910791234276, -0.94910791234276, -0.94910791234276, -0.94910791234276, -0.94910791234276, -0.94910791234276, -0.94910791234276},
{0, 0.4058451513774, 0.74153118559939, 0.94910791234276, -0.4058451513774, -0.74153118559939, -0.94910791234276, 0, 0.4058451513774, 0.74153118559939, 0.94910791234276, -0.4058451513774, -0.74153118559939, -0.94910791234276, 0, 0.4058451513774, 0.74153118559939, 0.94910791234276, -0.4058451513774, -0.74153118559939, -0.94910791234276, -2.7755575615629e-17, 0.4058451513774, 0.74153118559939, 0.94910791234276, -0.4058451513774, -0.74153118559939, -0.94910791234276, 0, 0.4058451513774, 0.74153118559939, 0.94910791234276, -0.4058451513774, -0.74153118559939, -0.94910791234276, 0, 0.4058451513774, 0.74153118559939, 0.94910791234276, -0.4058451513774, -0.74153118559939, -0.94910791234276, 0, 0.4058451513774, 0.74153118559939, 0.94910791234276, -0.4058451513774, -0.74153118559939, -0.94910791234276}};

const double quad_gaussLegendre::Gauss13[3][49] = {{0.17468987921699, 0.15958937621112, 0.11690543709593, 0.054119430757928, 0.15958937621112, 0.11690543709593, 0.054119430757928, 0.15958937621112, 0.14579418746874, 0.1067999237589, 0.049441251171913, 0.14579418746874, 0.1067999237589, 0.049441251171913, 0.11690543709593, 0.1067999237589, 0.07823510602817, 0.03621764315424, 0.1067999237589, 0.07823510602817, 0.03621764315424, 0.054119430757928, 0.049441251171913, 0.03621764315424, 0.016766356463753, 0.049441251171913, 0.03621764315424, 0.016766356463753, 0.15958937621112, 0.14579418746874, 0.1067999237589, 0.049441251171913, 0.14579418746874, 0.1067999237589, 0.049441251171913, 0.11690543709593, 0.1067999237589, 0.07823510602817, 0.03621764315424, 0.1067999237589, 0.07823510602817, 0.03621764315424, 0.054119430757928, 0.049441251171913, 0.03621764315424, 0.016766356463753, 0.049441251171913, 0.03621764315424, 0.016766356463753},
{0, 0, 0, 0, 0, 0, 0, 0.4058451513774, 0.4058451513774, 0.4058451513774, 0.4058451513774, 0.4058451513774, 0.4058451513774, 0.4058451513774, 0.74153118559939, 0.74153118559939, 0.74153118559939, 0.74153118559939, 0.74153118559939, 0.74153118559939, 0.74153118559939, 0.94910791234276, 0.94910791234276, 0.94910791234276, 0.94910791234276, 0.94910791234276, 0.94910791234276, 0.94910791234276, -0.4058451513774, -0.4058451513774, -0.4058451513774, -0.4058451513774, -0.4058451513774, -0.4058451513774, -0.4058451513774, -0.74153118559939, -0.74153118559939, -0.74153118559939, -0.74153118559939, -0.74153118559939, -0.74153118559939, -0.74153118559939, -0.94910791234276, -0.94910791234276, -0.94910791234276, -0.94910791234276, -0.94910791234276, -0.94910791234276, -0.94910791234276},
{0, 0.4058451513774, 0.74153118559939, 0.94910791234276, -0.4058451513774, -0.74153118559939, -0.94910791234276, 0, 0.4058451513774, 0.74153118559939, 0.94910791234276, -0.4058451513774, -0.74153118559939, -0.94910791234276, 0, 0.4058451513774, 0.74153118559939, 0.94910791234276, -0.4058451513774, -0.74153118559939, -0.94910791234276, -2.7755575615629e-17, 0.4058451513774, 0.74153118559939, 0.94910791234276, -0.4058451513774, -0.74153118559939, -0.94910791234276, 0, 0.4058451513774, 0.74153118559939, 0.94910791234276, -0.4058451513774, -0.74153118559939, -0.94910791234276, 0, 0.4058451513774, 0.74153118559939, 0.94910791234276, -0.4058451513774, -0.74153118559939, -0.94910791234276, 0, 0.4058451513774, 0.74153118559939, 0.94910791234276, -0.4058451513774, -0.74153118559939, -0.94910791234276}};

const double quad_gaussLegendre::Gauss14[3][64] = {{0.13153952672564, 0.11377631319793, 0.080653994927144, 0.036713948527647, 0.13153952672564, 0.11377631319793, 0.080653994927144, 0.036713948527647, 0.11377631319793, 0.098411859667954, 0.069762408425223, 0.031756064586782, 0.11377631319793, 0.098411859667954, 0.069762408425223, 0.031756064586782, 0.080653994927144, 0.069762408425223, 0.049453324484553, 0.022511306616455, 0.080653994927144, 0.069762408425223, 0.049453324484553, 0.022511306616455, 0.036713948527647, 0.031756064586782, 0.022511306616455, 0.010247216559492, 0.036713948527647, 0.031756064586782, 0.022511306616455, 0.010247216559492, 0.13153952672564, 0.11377631319793, 0.080653994927144, 0.036713948527647, 0.13153952672564, 0.11377631319793, 0.080653994927144, 0.036713948527647, 0.11377631319793, 0.098411859667954, 0.069762408425223, 0.031756064586782, 0.11377631319793, 0.098411859667954, 0.069762408425223, 0.031756064586782, 0.080653994927144, 0.069762408425223, 0.049453324484553, 0.022511306616455, 0.080653994927144, 0.069762408425223, 0.049453324484553, 0.022511306616455, 0.036713948527647, 0.031756064586782, 0.022511306616455, 0.010247216559492, 0.036713948527647, 0.031756064586782, 0.022511306616455, 0.010247216559492},
{-0.18343464249565, -0.18343464249565, -0.18343464249565, -0.18343464249565, -0.18343464249565, -0.18343464249565, -0.18343464249565, -0.18343464249565, -0.52553240991633, -0.52553240991633, -0.52553240991633, -0.52553240991633, -0.52553240991633, -0.52553240991633, -0.52553240991633, -0.52553240991633, -0.79666647741363, -0.79666647741363, -0.79666647741363, -0.79666647741363, -0.79666647741363, -0.79666647741363, -0.79666647741363, -0.79666647741363, -0.96028985649754, -0.96028985649754, -0.96028985649754, -0.96028985649754, -0.96028985649754, -0.96028985649754, -0.96028985649754, -0.96028985649754, 0.18343464249565, 0.18343464249565, 0.18343464249565, 0.18343464249565, 0.18343464249565, 0.18343464249565, 0.18343464249565, 0.18343464249565, 0.52553240991633, 0.52553240991633, 0.52553240991633, 0.52553240991633, 0.52553240991633, 0.52553240991633, 0.52553240991633, 0.52553240991633, 0.79666647741363, 0.79666647741363, 0.79666647741363, 0.79666647741363, 0.79666647741363, 0.79666647741363, 0.79666647741363, 0.79666647741363, 0.96028985649754, 0.96028985649754, 0.96028985649754, 0.96028985649754, 0.96028985649754, 0.96028985649754, 0.96028985649754, 0.96028985649754},
{-0.18343464249565, -0.52553240991633, -0.79666647741363, -0.96028985649754, 0.18343464249565, 0.52553240991633, 0.79666647741363, 0.96028985649754, -0.18343464249565, -0.52553240991633, -0.79666647741363, -0.96028985649754, 0.18343464249565, 0.52553240991633, 0.79666647741363, 0.96028985649754, -0.18343464249565, -0.52553240991633, -0.79666647741363, -0.96028985649754, 0.18343464249565, 0.52553240991633, 0.79666647741363, 0.96028985649754, -0.18343464249565, -0.52553240991633, -0.79666647741363, -0.96028985649754, 0.18343464249565, 0.52553240991633, 0.79666647741363, 0.96028985649754, -0.18343464249565, -0.52553240991633, -0.79666647741363, -0.96028985649754, 0.18343464249565, 0.52553240991633, 0.79666647741363, 0.96028985649754, -0.18343464249565, -0.52553240991633, -0.79666647741363, -0.96028985649754, 0.18343464249565, 0.52553240991633, 0.79666647741363, 0.96028985649754, -0.18343464249565, -0.52553240991633, -0.79666647741363, -0.96028985649754, 0.18343464249565, 0.52553240991633, 0.79666647741363, 0.96028985649754, -0.18343464249565, -0.52553240991633, -0.79666647741363, -0.96028985649754, 0.18343464249565, 0.52553240991633, 0.79666647741363, 0.96028985649754}};

const double quad_gaussLegendre::Gauss15[3][64] = {{0.13153952672564, 0.11377631319793, 0.080653994927144, 0.036713948527647, 0.13153952672564, 0.11377631319793, 0.080653994927144, 0.036713948527647, 0.11377631319793, 0.098411859667954, 0.069762408425223, 0.031756064586782, 0.11377631319793, 0.098411859667954, 0.069762408425223, 0.031756064586782, 0.080653994927144, 0.069762408425223, 0.049453324484553, 0.022511306616455, 0.080653994927144, 0.069762408425223, 0.049453324484553, 0.022511306616455, 0.036713948527647, 0.031756064586782, 0.022511306616455, 0.010247216559492, 0.036713948527647, 0.031756064586782, 0.022511306616455, 0.010247216559492, 0.13153952672564, 0.11377631319793, 0.080653994927144, 0.036713948527647, 0.13153952672564, 0.11377631319793, 0.080653994927144, 0.036713948527647, 0.11377631319793, 0.098411859667954, 0.069762408425223, 0.031756064586782, 0.11377631319793, 0.098411859667954, 0.069762408425223, 0.031756064586782, 0.080653994927144, 0.069762408425223, 0.049453324484553, 0.022511306616455, 0.080653994927144, 0.069762408425223, 0.049453324484553, 0.022511306616455, 0.036713948527647, 0.031756064586782, 0.022511306616455, 0.010247216559492, 0.036713948527647, 0.031756064586782, 0.022511306616455, 0.010247216559492},
{-0.18343464249565, -0.18343464249565, -0.18343464249565, -0.18343464249565, -0.18343464249565, -0.18343464249565, -0.18343464249565, -0.18343464249565, -0.52553240991633, -0.52553240991633, -0.52553240991633, -0.52553240991633, -0.52553240991633, -0.52553240991633, -0.52553240991633, -0.52553240991633, -0.79666647741363, -0.79666647741363, -0.79666647741363, -0.79666647741363, -0.79666647741363, -0.79666647741363, -0.79666647741363, -0.79666647741363, -0.96028985649754, -0.96028985649754, -0.96028985649754, -0.96028985649754, -0.96028985649754, -0.96028985649754, -0.96028985649754, -0.96028985649754, 0.18343464249565, 0.18343464249565, 0.18343464249565, 0.18343464249565, 0.18343464249565, 0.18343464249565, 0.18343464249565, 0.18343464249565, 0.52553240991633, 0.52553240991633, 0.52553240991633, 0.52553240991633, 0.52553240991633, 0.52553240991633, 0.52553240991633, 0.52553240991633, 0.79666647741363, 0.79666647741363, 0.79666647741363, 0.79666647741363, 0.79666647741363, 0.79666647741363, 0.79666647741363, 0.79666647741363, 0.96028985649754, 0.96028985649754, 0.96028985649754, 0.96028985649754, 0.96028985649754, 0.96028985649754, 0.96028985649754, 0.96028985649754},
{-0.18343464249565, -0.52553240991633, -0.79666647741363, -0.96028985649754, 0.18343464249565, 0.52553240991633, 0.79666647741363, 0.96028985649754, -0.18343464249565, -0.52553240991633, -0.79666647741363, -0.96028985649754, 0.18343464249565, 0.52553240991633, 0.79666647741363, 0.96028985649754, -0.18343464249565, -0.52553240991633, -0.79666647741363, -0.96028985649754, 0.18343464249565, 0.52553240991633, 0.79666647741363, 0.96028985649754, -0.18343464249565, -0.52553240991633, -0.79666647741363, -0.96028985649754, 0.18343464249565, 0.52553240991633, 0.79666647741363, 0.96028985649754, -0.18343464249565, -0.52553240991633, -0.79666647741363, -0.96028985649754, 0.18343464249565, 0.52553240991633, 0.79666647741363, 0.96028985649754, -0.18343464249565, -0.52553240991633, -0.79666647741363, -0.96028985649754, 0.18343464249565, 0.52553240991633, 0.79666647741363, 0.96028985649754, -0.18343464249565, -0.52553240991633, -0.79666647741363, -0.96028985649754, 0.18343464249565, 0.52553240991633, 0.79666647741363, 0.96028985649754, -0.18343464249565, -0.52553240991633, -0.79666647741363, -0.96028985649754, 0.18343464249565, 0.52553240991633, 0.79666647741363, 0.96028985649754}};

const double quad_gaussLegendre::Gauss16[3][81] = {{0.10905803159165, 0.10314929725822, 0.086063908286534, 0.059657132070034, 0.026840001590648, 0.10314929725822, 0.086063908286534, 0.059657132070034, 0.026840001590648, 0.10314929725822, 0.097560696535434, 0.081400989266816, 0.056424924965691, 0.025385817642952, 0.097560696535434, 0.081400989266816, 0.056424924965691, 0.025385817642952, 0.086063908286534, 0.081400989266816, 0.067917935079623, 0.047078842962596, 0.021180974950632, 0.081400989266816, 0.067917935079623, 0.047078842962596, 0.021180974950632, 0.059657132070034, 0.056424924965691, 0.047078842962596, 0.032633757962435, 0.014682068769118, 0.056424924965691, 0.047078842962596, 0.032633757962435, 0.014682068769118, 0.026840001590648, 0.025385817642952, 0.021180974950632, 0.014682068769118, 0.006605526203548, 0.025385817642952, 0.021180974950632, 0.014682068769118, 0.006605526203548, 0.10314929725822, 0.097560696535434, 0.081400989266816, 0.056424924965691, 0.025385817642952, 0.097560696535434, 0.081400989266816, 0.056424924965691, 0.025385817642952, 0.086063908286534, 0.081400989266816, 0.067917935079623, 0.047078842962596, 0.021180974950632, 0.081400989266816, 0.067917935079623, 0.047078842962596, 0.021180974950632, 0.059657132070034, 0.056424924965691, 0.047078842962596, 0.032633757962435, 0.014682068769118, 0.056424924965691, 0.047078842962596, 0.032633757962435, 0.014682068769118, 0.026840001590648, 0.025385817642952, 0.021180974950632, 0.014682068769118, 0.006605526203548, 0.025385817642952, 0.021180974950632, 0.014682068769118, 0.006605526203548},
{0, 0, 0, 0, 0, 0, 0, 0, 0, -0.32425342340381, -0.32425342340381, -0.32425342340381, -0.32425342340381, -0.32425342340381, -0.32425342340381, -0.32425342340381, -0.32425342340381, -0.32425342340381, -0.61337143270059, -0.61337143270059, -0.61337143270059, -0.61337143270059, -0.61337143270059, -0.61337143270059, -0.61337143270059, -0.61337143270059, -0.61337143270059, -0.83603110732664, -0.83603110732664, -0.83603110732664, -0.83603110732664, -0.83603110732664, -0.83603110732664, -0.83603110732664, -0.83603110732664, -0.83603110732664, -0.96816023950763, -0.96816023950763, -0.96816023950763, -0.96816023950763, -0.96816023950763, -0.96816023950763, -0.96816023950763, -0.96816023950763, -0.96816023950763, 0.32425342340381, 0.32425342340381, 0.32425342340381, 0.32425342340381, 0.32425342340381, 0.32425342340381, 0.32425342340381, 0.32425342340381, 0.32425342340381, 0.61337143270059, 0.61337143270059, 0.61337143270059, 0.61337143270059, 0.61337143270059, 0.61337143270059, 0.61337143270059, 0.61337143270059, 0.61337143270059, 0.83603110732664, 0.83603110732664, 0.83603110732664, 0.83603110732664, 0.83603110732664, 0.83603110732664, 0.83603110732664, 0.83603110732664, 0.83603110732664, 0.96816023950763, 0.96816023950763, 0.96816023950763, 0.96816023950763, 0.96816023950763, 0.96816023950763, 0.96816023950763, 0.96816023950763, 0.96816023950763},
{0, -0.32425342340381, -0.61337143270059, -0.83603110732664, -0.96816023950763, 0.32425342340381, 0.61337143270059, 0.83603110732664, 0.96816023950763, 0, -0.32425342340381, -0.61337143270059, -0.83603110732664, -0.96816023950763, 0.32425342340381, 0.61337143270059, 0.83603110732664, 0.96816023950763, 0, -0.32425342340381, -0.61337143270059, -0.83603110732664, -0.96816023950763, 0.32425342340381, 0.61337143270059, 0.83603110732664, 0.96816023950763, 0, -0.32425342340381, -0.61337143270059, -0.83603110732664, -0.96816023950763, 0.32425342340381, 0.61337143270059, 0.83603110732664, 0.96816023950763, 0, -0.32425342340381, -0.61337143270059, -0.83603110732664, -0.96816023950763, 0.32425342340381, 0.61337143270059, 0.83603110732664, 0.96816023950763, 0, -0.32425342340381, -0.61337143270059, -0.83603110732664, -0.96816023950763, 0.32425342340381, 0.61337143270059, 0.83603110732664, 0.96816023950763, -2.7755575615629e-17, -0.32425342340381, -0.61337143270059, -0.83603110732664, -0.96816023950763, 0.32425342340381, 0.61337143270059, 0.83603110732664, 0.96816023950763, 0, -0.32425342340381, -0.61337143270059, -0.83603110732664, -0.96816023950763, 0.32425342340381, 0.61337143270059, 0.83603110732664, 0.96816023950763, -2.7755575615629e-17, -0.32425342340381, -0.61337143270059, -0.83603110732664, -0.96816023950763, 0.32425342340381, 0.61337143270059, 0.83603110732664, 0.96816023950763}};

const double quad_gaussLegendre::Gauss17[3][81] = {{0.10905803159165, 0.10314929725822, 0.086063908286534, 0.059657132070034, 0.026840001590648, 0.10314929725822, 0.086063908286534, 0.059657132070034, 0.026840001590648, 0.10314929725822, 0.097560696535434, 0.081400989266816, 0.056424924965691, 0.025385817642952, 0.097560696535434, 0.081400989266816, 0.056424924965691, 0.025385817642952, 0.086063908286534, 0.081400989266816, 0.067917935079623, 0.047078842962596, 0.021180974950632, 0.081400989266816, 0.067917935079623, 0.047078842962596, 0.021180974950632, 0.059657132070034, 0.056424924965691, 0.047078842962596, 0.032633757962435, 0.014682068769118, 0.056424924965691, 0.047078842962596, 0.032633757962435, 0.014682068769118, 0.026840001590648, 0.025385817642952, 0.021180974950632, 0.014682068769118, 0.006605526203548, 0.025385817642952, 0.021180974950632, 0.014682068769118, 0.006605526203548, 0.10314929725822, 0.097560696535434, 0.081400989266816, 0.056424924965691, 0.025385817642952, 0.097560696535434, 0.081400989266816, 0.056424924965691, 0.025385817642952, 0.086063908286534, 0.081400989266816, 0.067917935079623, 0.047078842962596, 0.021180974950632, 0.081400989266816, 0.067917935079623, 0.047078842962596, 0.021180974950632, 0.059657132070034, 0.056424924965691, 0.047078842962596, 0.032633757962435, 0.014682068769118, 0.056424924965691, 0.047078842962596, 0.032633757962435, 0.014682068769118, 0.026840001590648, 0.025385817642952, 0.021180974950632, 0.014682068769118, 0.006605526203548, 0.025385817642952, 0.021180974950632, 0.014682068769118, 0.006605526203548},
{0, 0, 0, 0, 0, 0, 0, 0, 0, -0.32425342340381, -0.32425342340381, -0.32425342340381, -0.32425342340381, -0.32425342340381, -0.32425342340381, -0.32425342340381, -0.32425342340381, -0.32425342340381, -0.61337143270059, -0.61337143270059, -0.61337143270059, -0.61337143270059, -0.61337143270059, -0.61337143270059, -0.61337143270059, -0.61337143270059, -0.61337143270059, -0.83603110732664, -0.83603110732664, -0.83603110732664, -0.83603110732664, -0.83603110732664, -0.83603110732664, -0.83603110732664, -0.83603110732664, -0.83603110732664, -0.96816023950763, -0.96816023950763, -0.96816023950763, -0.96816023950763, -0.96816023950763, -0.96816023950763, -0.96816023950763, -0.96816023950763, -0.96816023950763, 0.32425342340381, 0.32425342340381, 0.32425342340381, 0.32425342340381, 0.32425342340381, 0.32425342340381, 0.32425342340381, 0.32425342340381, 0.32425342340381, 0.61337143270059, 0.61337143270059, 0.61337143270059, 0.61337143270059, 0.61337143270059, 0.61337143270059, 0.61337143270059, 0.61337143270059, 0.61337143270059, 0.83603110732664, 0.83603110732664, 0.83603110732664, 0.83603110732664, 0.83603110732664, 0.83603110732664, 0.83603110732664, 0.83603110732664, 0.83603110732664, 0.96816023950763, 0.96816023950763, 0.96816023950763, 0.96816023950763, 0.96816023950763, 0.96816023950763, 0.96816023950763, 0.96816023950763, 0.96816023950763},
{0, -0.32425342340381, -0.61337143270059, -0.83603110732664, -0.96816023950763, 0.32425342340381, 0.61337143270059, 0.83603110732664, 0.96816023950763, 0, -0.32425342340381, -0.61337143270059, -0.83603110732664, -0.96816023950763, 0.32425342340381, 0.61337143270059, 0.83603110732664, 0.96816023950763, 0, -0.32425342340381, -0.61337143270059, -0.83603110732664, -0.96816023950763, 0.32425342340381, 0.61337143270059, 0.83603110732664, 0.96816023950763, 0, -0.32425342340381, -0.61337143270059, -0.83603110732664, -0.96816023950763, 0.32425342340381, 0.61337143270059, 0.83603110732664, 0.96816023950763, 0, -0.32425342340381, -0.61337143270059, -0.83603110732664, -0.96816023950763, 0.32425342340381, 0.61337143270059, 0.83603110732664, 0.96816023950763, 0, -0.32425342340381, -0.61337143270059, -0.83603110732664, -0.96816023950763, 0.32425342340381, 0.61337143270059, 0.83603110732664, 0.96816023950763, -2.7755575615629e-17, -0.32425342340381, -0.61337143270059, -0.83603110732664, -0.96816023950763, 0.32425342340381, 0.61337143270059, 0.83603110732664, 0.96816023950763, 0, -0.32425342340381, -0.61337143270059, -0.83603110732664, -0.96816023950763, 0.32425342340381, 0.61337143270059, 0.83603110732664, 0.96816023950763, -2.7755575615629e-17, -0.32425342340381, -0.61337143270059, -0.83603110732664, -0.96816023950763, 0.32425342340381, 0.61337143270059, 0.83603110732664, 0.96816023950763}};

const double quad_gaussLegendre::Gauss18[3][100] = {{0.087334567393256, 0.079574838465572, 0.064745327428111, 0.044166494090299, 0.019702997337515, 0.087334567393256, 0.079574838465572, 0.064745327428111, 0.044166494090299, 0.019702997337515, 0.079574838465572, 0.072504566127968, 0.058992666080239, 0.04024227448223, 0.017952374153988, 0.079574838465572, 0.072504566127968, 0.058992666080239, 0.04024227448223, 0.017952374153988, 0.064745327428111, 0.058992666080239, 0.047998834240484, 0.032742752458507, 0.014606782308641, 0.064745327428111, 0.058992666080239, 0.047998834240484, 0.032742752458507, 0.014606782308641, 0.044166494090299, 0.04024227448223, 0.032742752458507, 0.022335705762929, 0.0099641223566163, 0.044166494090299, 0.04024227448223, 0.032742752458507, 0.022335705762929, 0.0099641223566163, 0.019702997337515, 0.017952374153988, 0.014606782308641, 0.0099641223566163, 0.0044450681519276, 0.019702997337515, 0.017952374153988, 0.014606782308641, 0.0099641223566163, 0.0044450681519276, 0.087334567393256, 0.079574838465572, 0.064745327428111, 0.044166494090299, 0.019702997337515, 0.087334567393256, 0.079574838465572, 0.064745327428111, 0.044166494090299, 0.019702997337515, 0.079574838465572, 0.072504566127968, 0.058992666080239, 0.04024227448223, 0.017952374153988, 0.079574838465572, 0.072504566127968, 0.058992666080239, 0.04024227448223, 0.017952374153988, 0.064745327428111, 0.058992666080239, 0.047998834240484, 0.032742752458507, 0.014606782308641, 0.064745327428111, 0.058992666080239, 0.047998834240484, 0.032742752458507, 0.014606782308641, 0.044166494090299, 0.04024227448223, 0.032742752458507, 0.022335705762929, 0.0099641223566163, 0.044166494090299, 0.04024227448223, 0.032742752458507, 0.022335705762929, 0.0099641223566163, 0.019702997337515, 0.017952374153988, 0.014606782308641, 0.0099641223566163, 0.0044450681519276, 0.019702997337515, 0.017952374153988, 0.014606782308641, 0.0099641223566163, 0.0044450681519276},
{-0.14887433898163, -0.14887433898163, -0.14887433898163, -0.14887433898163, -0.14887433898163, -0.14887433898163, -0.14887433898163, -0.14887433898163, -0.14887433898163, -0.14887433898163, -0.43339539412925, -0.43339539412925, -0.43339539412925, -0.43339539412925, -0.43339539412925, -0.43339539412925, -0.43339539412925, -0.43339539412925, -0.43339539412925, -0.43339539412925, -0.67940956829902, -0.67940956829902, -0.67940956829902, -0.67940956829902, -0.67940956829902, -0.67940956829902, -0.67940956829902, -0.67940956829902, -0.67940956829902, -0.67940956829902, -0.86506336668898, -0.86506336668899, -0.86506336668898, -0.86506336668899, -0.86506336668899, -0.86506336668898, -0.86506336668899, -0.86506336668898, -0.86506336668899, -0.86506336668898, -0.97390652851717, -0.97390652851717, -0.97390652851717, -0.97390652851717, -0.97390652851717, -0.97390652851717, -0.97390652851717, -0.97390652851717, -0.97390652851717, -0.97390652851717, 0.14887433898163, 0.14887433898163, 0.14887433898163, 0.14887433898163, 0.14887433898163, 0.14887433898163, 0.14887433898163, 0.14887433898163, 0.14887433898163, 0.14887433898163, 0.43339539412925, 0.43339539412925, 0.43339539412925, 0.43339539412925, 0.43339539412925, 0.43339539412925, 0.43339539412925, 0.43339539412925, 0.43339539412925, 0.43339539412925, 0.67940956829902, 0.67940956829902, 0.67940956829902, 0.67940956829902, 0.67940956829902, 0.67940956829902, 0.67940956829902, 0.67940956829902, 0.67940956829902, 0.67940956829902, 0.86506336668898, 0.86506336668898, 0.86506336668898, 0.86506336668899, 0.86506336668899, 0.86506336668898, 0.86506336668899, 0.86506336668898, 0.86506336668899, 0.86506336668899, 0.97390652851717, 0.97390652851717, 0.97390652851717, 0.97390652851717, 0.97390652851717, 0.97390652851717, 0.97390652851717, 0.97390652851717, 0.97390652851717, 0.97390652851717},
{-0.14887433898163, -0.43339539412925, -0.67940956829902, -0.86506336668898, -0.97390652851717, 0.14887433898163, 0.43339539412925, 0.67940956829902, 0.86506336668898, 0.97390652851717, -0.14887433898163, -0.43339539412925, -0.67940956829902, -0.86506336668898, -0.97390652851717, 0.14887433898163, 0.43339539412925, 0.67940956829902, 0.86506336668899, 0.97390652851717, -0.14887433898163, -0.43339539412925, -0.67940956829902, -0.86506336668898, -0.97390652851717, 0.14887433898163, 0.43339539412925, 0.67940956829902, 0.86506336668898, 0.97390652851717, -0.14887433898163, -0.43339539412925, -0.67940956829902, -0.86506336668899, -0.97390652851717, 0.14887433898163, 0.43339539412925, 0.67940956829902, 0.86506336668899, 0.97390652851717, -0.14887433898163, -0.43339539412925, -0.67940956829902, -0.86506336668899, -0.97390652851717, 0.14887433898163, 0.43339539412925, 0.67940956829902, 0.86506336668898, 0.97390652851717, -0.14887433898163, -0.43339539412925, -0.67940956829902, -0.86506336668898, -0.97390652851717, 0.14887433898163, 0.43339539412925, 0.67940956829902, 0.86506336668898, 0.97390652851717, -0.14887433898163, -0.43339539412925, -0.67940956829902, -0.86506336668898, -0.97390652851717, 0.14887433898163, 0.43339539412925, 0.67940956829902, 0.86506336668899, 0.97390652851717, -0.14887433898163, -0.43339539412925, -0.67940956829902, -0.86506336668899, -0.97390652851717, 0.14887433898163, 0.43339539412925, 0.67940956829902, 0.86506336668898, 0.97390652851717, -0.14887433898163, -0.43339539412925, -0.67940956829902, -0.86506336668899, -0.97390652851717, 0.14887433898163, 0.43339539412925, 0.67940956829902, 0.86506336668899, 0.97390652851717, -0.14887433898163, -0.43339539412925, -0.67940956829902, -0.86506336668899, -0.97390652851717, 0.14887433898163, 0.43339539412925, 0.67940956829902, 0.86506336668898, 0.97390652851717}};

const double quad_gaussLegendre::Gauss19[3][100] = {{0.087334567393256, 0.079574838465572, 0.064745327428111, 0.044166494090299, 0.019702997337515, 0.087334567393256, 0.079574838465572, 0.064745327428111, 0.044166494090299, 0.019702997337515, 0.079574838465572, 0.072504566127968, 0.058992666080239, 0.04024227448223, 0.017952374153988, 0.079574838465572, 0.072504566127968, 0.058992666080239, 0.04024227448223, 0.017952374153988, 0.064745327428111, 0.058992666080239, 0.047998834240484, 0.032742752458507, 0.014606782308641, 0.064745327428111, 0.058992666080239, 0.047998834240484, 0.032742752458507, 0.014606782308641, 0.044166494090299, 0.04024227448223, 0.032742752458507, 0.022335705762929, 0.0099641223566163, 0.044166494090299, 0.04024227448223, 0.032742752458507, 0.022335705762929, 0.0099641223566163, 0.019702997337515, 0.017952374153988, 0.014606782308641, 0.0099641223566163, 0.0044450681519276, 0.019702997337515, 0.017952374153988, 0.014606782308641, 0.0099641223566163, 0.0044450681519276, 0.087334567393256, 0.079574838465572, 0.064745327428111, 0.044166494090299, 0.019702997337515, 0.087334567393256, 0.079574838465572, 0.064745327428111, 0.044166494090299, 0.019702997337515, 0.079574838465572, 0.072504566127968, 0.058992666080239, 0.04024227448223, 0.017952374153988, 0.079574838465572, 0.072504566127968, 0.058992666080239, 0.04024227448223, 0.017952374153988, 0.064745327428111, 0.058992666080239, 0.047998834240484, 0.032742752458507, 0.014606782308641, 0.064745327428111, 0.058992666080239, 0.047998834240484, 0.032742752458507, 0.014606782308641, 0.044166494090299, 0.04024227448223, 0.032742752458507, 0.022335705762929, 0.0099641223566163, 0.044166494090299, 0.04024227448223, 0.032742752458507, 0.022335705762929, 0.0099641223566163, 0.019702997337515, 0.017952374153988, 0.014606782308641, 0.0099641223566163, 0.0044450681519276, 0.019702997337515, 0.017952374153988, 0.014606782308641, 0.0099641223566163, 0.0044450681519276},
