/*=========================================================================

Program: FEMUS
Module: Gauss
Authors: Eugenio Aulisa, Giorgio Bornia, Erdi Kara

Copyright (c) FEMTTU
All rights reserved.

This software is distributed WITHOUT ANY WARRANTY; without even
the implied warranty of MERCHANTABILITY or FITNESS FOR A PARTICULAR
PURPOSE.  See the above copyright notice for more information.

=========================================================================*/

#include "QuadGaussLobattoPoints.hpp"
#include <iostream>
#include <stdlib.h>
#include <string.h>

namespace femus {
const unsigned quad_gaussLobatto::GaussPoints[38] = {4, 4, 9, 9, 16, 16, 25, 25, 36, 36, 49, 49, 64, 64, 81, 81, 100, 100, 121, 121, 144, 144, 169, 169, 196, 196, 225, 225, 256, 256, 289, 289, 324, 324, 361, 361, 400, 400};

const double * quad_gaussLobatto::Gauss[38] = {Gauss0[0], Gauss1[0], Gauss2[0], Gauss3[0], Gauss4[0], Gauss5[0], Gauss6[0], Gauss7[0], Gauss8[0], Gauss9[0], Gauss10[0], Gauss11[0], Gauss12[0], Gauss13[0], Gauss14[0], Gauss15[0], Gauss16[0], Gauss17[0], Gauss18[0], Gauss19[0], Gauss20[0], Gauss21[0], Gauss22[0], Gauss23[0], Gauss24[0], Gauss25[0], Gauss26[0], Gauss27[0], Gauss28[0], Gauss29[0], Gauss30[0], Gauss31[0], Gauss32[0], Gauss33[0], Gauss34[0], Gauss35[0], Gauss36[0], Gauss37[0]};

const double quad_gaussLobatto::Gauss0[3][4] = {{1, 1, 1, 1},
{-1, -1, 1, 1},
{-1, 1, -1, 1}};

const double quad_gaussLobatto::Gauss1[3][4] = {{1, 1, 1, 1},
{-1, -1, 1, 1},
{-1, 1, -1, 1}};

const double quad_gaussLobatto::Gauss2[3][9] = {{0.11111111111111, 0.44444444444444, 0.11111111111111, 0.44444444444444, 1.7777777777778, 0.44444444444444, 0.11111111111111, 0.44444444444444, 0.11111111111111},
{-1, -1, -1, 0, 0, 0, 1, 1, 1},
{-1, 0, 1, -1, 0, 1, -1, 0, 1}};

const double quad_gaussLobatto::Gauss3[3][9] = {{0.11111111111111, 0.44444444444444, 0.11111111111111, 0.44444444444444, 1.7777777777778, 0.44444444444444, 0.11111111111111, 0.44444444444444, 0.11111111111111},
{-1, -1, -1, 0, 0, 0, 1, 1, 1},
{-1, 0, 1, -1, 0, 1, -1, 0, 1}};

const double quad_gaussLobatto::Gauss4[3][16] = {{0.027777777777778, 0.13888888888889, 0.13888888888889, 0.027777777777778, 0.13888888888889, 0.69444444444444, 0.69444444444444, 0.13888888888889, 0.13888888888889, 0.69444444444444, 0.69444444444444, 0.13888888888889, 0.027777777777778, 0.13888888888889, 0.13888888888889, 0.027777777777778},
{-1, -1, -1, -1, -0.44721359549996, -0.44721359549996, -0.44721359549996, -0.44721359549996, 0.44721359549996, 0.44721359549996, 0.44721359549996, 0.44721359549996, 1, 1, 1, 1},
{-1, -0.44721359549996, 0.44721359549996, 1, -1, -0.44721359549996, 0.44721359549996, 1, -1, -0.44721359549996, 0.44721359549996, 1, -1, -0.44721359549996, 0.44721359549996, 1}};

const double quad_gaussLobatto::Gauss5[3][16] = {{0.027777777777778, 0.13888888888889, 0.13888888888889, 0.027777777777778, 0.13888888888889, 0.69444444444444, 0.69444444444444, 0.13888888888889, 0.13888888888889, 0.69444444444444, 0.69444444444444, 0.13888888888889, 0.027777777777778, 0.13888888888889, 0.13888888888889, 0.027777777777778},
{-1, -1, -1, -1, -0.44721359549996, -0.44721359549996, -0.44721359549996, -0.44721359549996, 0.44721359549996, 0.44721359549996, 0.44721359549996, 0.44721359549996, 1, 1, 1, 1},
{-1, -0.44721359549996, 0.44721359549996, 1, -1, -0.44721359549996, 0.44721359549996, 1, -1, -0.44721359549996, 0.44721359549996, 1, -1, -0.44721359549996, 0.44721359549996, 1}};

const double quad_gaussLobatto::Gauss6[3][25] = {{0.01, 0.054444444444444, 0.071111111111111, 0.054444444444444, 0.01, 0.054444444444444, 0.29641975308642, 0.38716049382716, 0.29641975308642, 0.054444444444444, 0.071111111111111, 0.38716049382716, 0.50567901234568, 0.38716049382716, 0.071111111111111, 0.054444444444444, 0.29641975308642, 0.38716049382716, 0.29641975308642, 0.054444444444444, 0.01, 0.054444444444444, 0.071111111111111, 0.054444444444444, 0.01},
{-1, -1, -1, -1, -1, -0.65465367070798, -0.65465367070798, -0.65465367070798, -0.65465367070798, -0.65465367070798, 0, 0, 0, 0, 0, 0.65465367070798, 0.65465367070798, 0.65465367070798, 0.65465367070798, 0.65465367070798, 1, 1, 1, 1, 1},
{-1, -0.65465367070798, 0, 0.65465367070798, 1, -1, -0.65465367070798, 0, 0.65465367070798, 1, -1, -0.65465367070798, 0, 0.65465367070798, 1, -1, -0.65465367070798, -2.7755575615629e-17, 0.65465367070798, 1, -1, -0.65465367070798, 0, 0.65465367070798, 1}};

const double quad_gaussLobatto::Gauss7[3][25] = {{0.01, 0.054444444444444, 0.071111111111111, 0.054444444444444, 0.01, 0.054444444444444, 0.29641975308642, 0.38716049382716, 0.29641975308642, 0.054444444444444, 0.071111111111111, 0.38716049382716, 0.50567901234568, 0.38716049382716, 0.071111111111111, 0.054444444444444, 0.29641975308642, 0.38716049382716, 0.29641975308642, 0.054444444444444, 0.01, 0.054444444444444, 0.071111111111111, 0.054444444444444, 0.01},
{-1, -1, -1, -1, -1, -0.65465367070798, -0.65465367070798, -0.65465367070798, -0.65465367070798, -0.65465367070798, 0, 0, 0, 0, 0, 0.65465367070798, 0.65465367070798, 0.65465367070798, 0.65465367070798, 0.65465367070798, 1, 1, 1, 1, 1},
{-1, -0.65465367070798, 0, 0.65465367070798, 1, -1, -0.65465367070798, 0, 0.65465367070798, 1, -1, -0.65465367070798, 0, 0.65465367070798, 1, -1, -0.65465367070798, -2.7755575615629e-17, 0.65465367070798, 1, -1, -0.65465367070798, 0, 0.65465367070798, 1}};

const double quad_gaussLobatto::Gauss8[3][36] = {{0.0044444444444445, 0.02523166375319, 0.036990558469033, 0.036990558469033, 0.02523166375319, 0.0044444444444445, 0.02523166375319, 0.14324329254466, 0.21, 0.21, 0.14324329254466, 0.02523166375319, 0.036990558469033, 0.21, 0.30786781856645, 0.30786781856645, 0.21, 0.036990558469033, 0.036990558469033, 0.21, 0.30786781856645, 0.30786781856645, 0.21, 0.036990558469033, 0.02523166375319, 0.14324329254466, 0.21, 0.21, 0.14324329254466, 0.02523166375319, 0.0044444444444445, 0.02523166375319, 0.036990558469033, 0.036990558469033, 0.02523166375319, 0.0044444444444445},
{-1, -1, -1, -1, -1, -1, -0.76505532392946, -0.76505532392946, -0.76505532392946, -0.76505532392946, -0.76505532392946, -0.76505532392946, -0.28523151648064, -0.28523151648064, -0.28523151648064, -0.28523151648064, -0.28523151648064, -0.28523151648064, 0.28523151648064, 0.28523151648064, 0.28523151648064, 0.28523151648064, 0.28523151648064, 0.28523151648064, 0.76505532392946, 0.76505532392946, 0.76505532392946, 0.76505532392946, 0.76505532392946, 0.76505532392946, 1, 1, 1, 1, 1, 1},
{-1, -0.76505532392946, -0.28523151648064, 0.28523151648064, 0.76505532392946, 1, -1, -0.76505532392946, -0.28523151648064, 0.28523151648064, 0.76505532392946, 1, -1, -0.76505532392946, -0.28523151648064, 0.28523151648064, 0.76505532392946, 1, -1, -0.76505532392946, -0.28523151648064, 0.28523151648064, 0.76505532392946, 1, -1, -0.76505532392946, -0.28523151648064, 0.28523151648064, 0.76505532392946, 1, -1, -0.76505532392946, -0.28523151648064, 0.28523151648064, 0.76505532392946, 1}};

const double quad_gaussLobatto::Gauss9[3][36] = {{0.0044444444444445, 0.02523166375319, 0.036990558469033, 0.036990558469033, 0.02523166375319, 0.0044444444444445, 0.02523166375319, 0.14324329254466, 0.21, 0.21, 0.14324329254466, 0.02523166375319, 0.036990558469033, 0.21, 0.30786781856645, 0.30786781856645, 0.21, 0.036990558469033, 0.036990558469033, 0.21, 0.30786781856645, 0.30786781856645, 0.21, 0.036990558469033, 0.02523166375319, 0.14324329254466, 0.21, 0.21, 0.14324329254466, 0.02523166375319, 0.0044444444444445, 0.02523166375319, 0.036990558469033, 0.036990558469033, 0.02523166375319, 0.0044444444444445},
{-1, -1, -1, -1, -1, -1, -0.76505532392946, -0.76505532392946, -0.76505532392946, -0.76505532392946, -0.76505532392946, -0.76505532392946, -0.28523151648064, -0.28523151648064, -0.28523151648064, -0.28523151648064, -0.28523151648064, -0.28523151648064, 0.28523151648064, 0.28523151648064, 0.28523151648064, 0.28523151648064, 0.28523151648064, 0.28523151648064, 0.76505532392946, 0.76505532392946, 0.76505532392946, 0.76505532392946, 0.76505532392946, 0.76505532392946, 1, 1, 1, 1, 1, 1},
{-1, -0.76505532392946, -0.28523151648064, 0.28523151648064, 0.76505532392946, 1, -1, -0.76505532392946, -0.28523151648064, 0.28523151648064, 0.76505532392946, 1, -1, -0.76505532392946, -0.28523151648064, 0.28523151648064, 0.76505532392946, 1, -1, -0.76505532392946, -0.28523151648064, 0.28523151648064, 0.76505532392946, 1, -1, -0.76505532392946, -0.28523151648064, 0.28523151648064, 0.76505532392946, 1, -1, -0.76505532392946, -0.28523151648064, 0.28523151648064, 0.76505532392946, 1}};

const double quad_gaussLobatto::Gauss10[3][49] = {{0.0022675736961452, 0.013182192731503, 0.020559303867136, 0.023219954648526, 0.020559303867136, 0.013182192731503, 0.0022675736961452, 0.013182192731503, 0.076632660497828, 0.11951836734694, 0.13498565357059, 0.11951836734694, 0.076632660497828, 0.013182192731503, 0.020559303867136, 0.11951836734694, 0.18640407419605, 0.21052727159948, 0.18640407419605, 0.11951836734694, 0.020559303867136, 0.023219954648526, 0.13498565357059, 0.21052727159948, 0.23777233560091, 0.21052727159948, 0.13498565357059, 0.023219954648526, 0.020559303867136, 0.11951836734694, 0.18640407419605, 0.21052727159948, 0.18640407419605, 0.11951836734694, 0.020559303867136, 0.013182192731503, 0.076632660497828, 0.11951836734694, 0.13498565357059, 0.11951836734694, 0.076632660497828, 0.013182192731503, 0.0022675736961452, 0.013182192731503, 0.020559303867136, 0.023219954648526, 0.020559303867136, 0.013182192731503, 0.0022675736961452},
{-1, -1, -1, -1, -1, -1, -1, -0.83022389627857, -0.83022389627857, -0.83022389627857, -0.83022389627857, -0.83022389627857, -0.83022389627857, -0.83022389627857, -0.46884879347071, -0.46884879347071, -0.46884879347071, -0.46884879347071, -0.46884879347071, -0.46884879347071, -0.46884879347071, 0, 0, 0, 0, 0, 0, 0, 0.46884879347071, 0.46884879347071, 0.46884879347071, 0.46884879347071, 0.46884879347071, 0.46884879347071, 0.46884879347071, 0.83022389627857, 0.83022389627857, 0.83022389627857, 0.83022389627857, 0.83022389627857, 0.83022389627857, 0.83022389627857, 1, 1, 1, 1, 1, 1, 1},
{-1, -0.83022389627857, -0.46884879347071, 0, 0.46884879347071, 0.83022389627857, 1, -1, -0.83022389627857, -0.46884879347071, 0, 0.46884879347071, 0.83022389627857, 1, -1, -0.83022389627857, -0.46884879347071, 0, 0.46884879347071, 0.83022389627857, 1, -1, -0.83022389627857, -0.46884879347071, 0, 0.46884879347071, 0.83022389627857, 1, -1, -0.83022389627857, -0.46884879347071, 0, 0.46884879347071, 0.83022389627857, 1, -1, -0.83022389627857, -0.46884879347071, 2.7755575615629e-17, 0.46884879347071, 0.83022389627857, 1, -1, -0.83022389627857, -0.46884879347071, 0, 0.46884879347071, 0.83022389627857, 1}};

const double quad_gaussLobatto::Gauss11[3][49] = {{0.0022675736961452, 0.013182192731503, 0.020559303867136, 0.023219954648526, 0.020559303867136, 0.013182192731503, 0.0022675736961452, 0.013182192731503, 0.076632660497828, 0.11951836734694, 0.13498565357059, 0.11951836734694, 0.076632660497828, 0.013182192731503, 0.020559303867136, 0.11951836734694, 0.18640407419605, 0.21052727159948, 0.18640407419605, 0.11951836734694, 0.020559303867136, 0.023219954648526, 0.13498565357059, 0.21052727159948, 0.23777233560091, 0.21052727159948, 0.13498565357059, 0.023219954648526, 0.020559303867136, 0.11951836734694, 0.18640407419605, 0.21052727159948, 0.18640407419605, 0.11951836734694, 0.020559303867136, 0.013182192731503, 0.076632660497828, 0.11951836734694, 0.13498565357059, 0.11951836734694, 0.076632660497828, 0.013182192731503, 0.0022675736961452, 0.013182192731503, 0.020559303867136, 0.023219954648526, 0.020559303867136, 0.013182192731503, 0.0022675736961452},
{-1, -1, -1, -1, -1, -1, -1, -0.83022389627857, -0.83022389627857, -0.83022389627857, -0.83022389627857, -0.83022389627857, -0.83022389627857, -0.83022389627857, -0.46884879347071, -0.46884879347071, -0.46884879347071, -0.46884879347071, -0.46884879347071, -0.46884879347071, -0.46884879347071, 0, 0, 0, 0, 0, 0, 0, 0.46884879347071, 0.46884879347071, 0.46884879347071, 0.46884879347071, 0.46884879347071, 0.46884879347071, 0.46884879347071, 0.83022389627857, 0.83022389627857, 0.83022389627857, 0.83022389627857, 0.83022389627857, 0.83022389627857, 0.83022389627857, 1, 1, 1, 1, 1, 1, 1},
{-1, -0.83022389627857, -0.46884879347071, 0, 0.46884879347071, 0.83022389627857, 1, -1, -0.83022389627857, -0.46884879347071, 0, 0.46884879347071, 0.83022389627857, 1, -1, -0.83022389627857, -0.46884879347071, 0, 0.46884879347071, 0.83022389627857, 1, -1, -0.83022389627857, -0.46884879347071, 0, 0.46884879347071, 0.83022389627857, 1, -1, -0.83022389627857, -0.46884879347071, 0, 0.46884879347071, 0.83022389627857, 1, -1, -0.83022389627857, -0.46884879347071, 2.7755575615629e-17, 0.46884879347071, 0.83022389627857, 1, -1, -0.83022389627857, -0.46884879347071, 0, 0.46884879347071, 0.83022389627857, 1}};

const double quad_gaussLobatto::Gauss12[3][64] = {{0.0012755102040817, 0.007525150969411, 0.012182953302982, 0.014730671237811, 0.014730671237811, 0.012182953302982, 0.007525150969411, 0.0012755102040817, 0.007525150969411, 0.044396271336142, 0.071875993280849, 0.086906811557104, 0.086906811557104, 0.071875993280849, 0.044396271336142, 0.007525150969411, 0.012182953302982, 0.071875993280849, 0.1163646913272, 0.14069905457248, 0.14069905457248, 0.1163646913272, 0.071875993280849, 0.012182953302982, 0.014730671237811, 0.086906811557104, 0.14069905457248, 0.17012225729131, 0.17012225729131, 0.14069905457248, 0.086906811557104, 0.014730671237811, 0.014730671237811, 0.086906811557104, 0.14069905457248, 0.17012225729131, 0.17012225729131, 0.14069905457248, 0.086906811557104, 0.014730671237811, 0.012182953302982, 0.071875993280849, 0.1163646913272, 0.14069905457248, 0.14069905457248, 0.1163646913272, 0.071875993280849, 0.012182953302982, 0.007525150969411, 0.044396271336142, 0.071875993280849, 0.086906811557104, 0.086906811557104, 0.071875993280849, 0.044396271336142, 0.007525150969411, 0.0012755102040817, 0.007525150969411, 0.012182953302982, 0.014730671237811, 0.014730671237811, 0.012182953302982, 0.007525150969411, 0.0012755102040817},
{-1, -1, -1, -1, -1, -1, -1, -1, -0.87174014850961, -0.87174014850961, -0.87174014850961, -0.87174014850961, -0.87174014850961, -0.87174014850961, -0.87174014850961, -0.87174014850961, -0.59170018143314, -0.59170018143314, -0.59170018143314, -0.59170018143314, -0.59170018143314, -0.59170018143314, -0.59170018143314, -0.59170018143314, -0.20929921790248, -0.20929921790248, -0.20929921790248, -0.20929921790248, -0.20929921790248, -0.20929921790248, -0.20929921790248, -0.20929921790248, 0.20929921790248, 0.20929921790248, 0.20929921790248, 0.20929921790248, 0.20929921790248, 0.20929921790248, 0.20929921790248, 0.20929921790248, 0.59170018143314, 0.59170018143314, 0.59170018143314, 0.59170018143314, 0.59170018143314, 0.59170018143314, 0.59170018143314, 0.59170018143314, 0.87174014850961, 0.87174014850961, 0.87174014850961, 0.87174014850961, 0.87174014850961, 0.87174014850961, 0.87174014850961, 0.87174014850961, 1, 1, 1, 1, 1, 1, 1, 1},
{-1, -0.87174014850961, -0.59170018143314, -0.20929921790248, 0.20929921790248, 0.59170018143314, 0.87174014850961, 1, -1, -0.87174014850961, -0.59170018143314, -0.20929921790248, 0.20929921790248, 0.59170018143314, 0.87174014850961, 1, -1, -0.87174014850961, -0.59170018143314, -0.20929921790248, 0.20929921790248, 0.59170018143314, 0.87174014850961, 1, -1, -0.87174014850961, -0.59170018143314, -0.20929921790248, 0.20929921790248, 0.59170018143314, 0.87174014850961, 1, -1, -0.87174014850961, -0.59170018143314, -0.20929921790248, 0.20929921790248, 0.59170018143314, 0.87174014850961, 1, -1, -0.87174014850961, -0.59170018143314, -0.20929921790248, 0.20929921790248, 0.59170018143314, 0.87174014850961, 1, -1, -0.87174014850961, -0.59170018143314, -0.20929921790248, 0.20929921790248, 0.59170018143314, 0.87174014850961, 1, -1, -0.87174014850961, -0.59170018143314, -0.20929921790248, 0.20929921790248, 0.59170018143314, 0.87174014850961, 1}};

const double quad_gaussLobatto::Gauss13[3][64] = {{0.0012755102040817, 0.007525150969411, 0.012182953302982, 0.014730671237811, 0.014730671237811, 0.012182953302982, 0.007525150969411, 0.0012755102040817, 0.007525150969411, 0.044396271336142, 0.071875993280849, 0.086906811557104, 0.086906811557104, 0.071875993280849, 0.044396271336142, 0.007525150969411, 0.012182953302982, 0.071875993280849, 0.1163646913272, 0.14069905457248, 0.14069905457248, 0.1163646913272, 0.071875993280849, 0.012182953302982, 0.014730671237811, 0.086906811557104, 0.14069905457248, 0.17012225729131, 0.17012225729131, 0.14069905457248, 0.086906811557104, 0.014730671237811, 0.014730671237811, 0.086906811557104, 0.14069905457248, 0.17012225729131, 0.17012225729131, 0.14069905457248, 0.086906811557104, 0.014730671237811, 0.012182953302982, 0.071875993280849, 0.1163646913272, 0.14069905457248, 0.14069905457248, 0.1163646913272, 0.071875993280849, 0.012182953302982, 0.007525150969411, 0.044396271336142, 0.071875993280849, 0.086906811557104, 0.086906811557104, 0.071875993280849, 0.044396271336142, 0.007525150969411, 0.0012755102040817, 0.007525150969411, 0.012182953302982, 0.014730671237811, 0.014730671237811, 0.012182953302982, 0.007525150969411, 0.0012755102040817},
{-1, -1, -1, -1, -1, -1, -1, -1, -0.87174014850961, -0.87174014850961, -0.87174014850961, -0.87174014850961, -0.87174014850961, -0.87174014850961, -0.87174014850961, -0.87174014850961, -0.59170018143314, -0.59170018143314, -0.59170018143314, -0.59170018143314, -0.59170018143314, -0.59170018143314, -0.59170018143314, -0.59170018143314, -0.20929921790248, -0.20929921790248, -0.20929921790248, -0.20929921790248, -0.20929921790248, -0.20929921790248, -0.20929921790248, -0.20929921790248, 0.20929921790248, 0.20929921790248, 0.20929921790248, 0.20929921790248, 0.20929921790248, 0.20929921790248, 0.20929921790248, 0.20929921790248, 0.59170018143314, 0.59170018143314, 0.59170018143314, 0.59170018143314, 0.59170018143314, 0.59170018143314, 0.59170018143314, 0.59170018143314, 0.87174014850961, 0.87174014850961, 0.87174014850961, 0.87174014850961, 0.87174014850961, 0.87174014850961, 0.87174014850961, 0.87174014850961, 1, 1, 1, 1, 1, 1, 1, 1},
{-1, -0.87174014850961, -0.59170018143314, -0.20929921790248, 0.20929921790248, 0.59170018143314, 0.87174014850961, 1, -1, -0.87174014850961, -0.59170018143314, -0.20929921790248, 0.20929921790248, 0.59170018143314, 0.87174014850961, 1, -1, -0.87174014850961, -0.59170018143314, -0.20929921790248, 0.20929921790248, 0.59170018143314, 0.87174014850961, 1, -1, -0.87174014850961, -0.59170018143314, -0.20929921790248, 0.20929921790248, 0.59170018143314, 0.87174014850961, 1, -1, -0.87174014850961, -0.59170018143314, -0.20929921790248, 0.20929921790248, 0.59170018143314, 0.87174014850961, 1, -1, -0.87174014850961, -0.59170018143314, -0.20929921790248, 0.20929921790248, 0.59170018143314, 0.87174014850961, 1, -1, -0.87174014850961, -0.59170018143314, -0.20929921790248, 0.20929921790248, 0.59170018143314, 0.87174014850961, 1, -1, -0.87174014850961, -0.59170018143314, -0.20929921790248, 0.20929921790248, 0.59170018143314, 0.87174014850961, 1}};

const double quad_gaussLobatto::Gauss14[3][81] = {{0.00077160493827162, 0.0045970933766891, 0.0076260753472268, 0.0096230141936958, 0.010319979843789, 0.0096230141936958, 0.0076260753472268, 0.0045970933766891, 0.00077160493827162, 0.0045970933766891, 0.027388714698142, 0.045434883487652, 0.057332311678456, 0.061484716639733, 0.057332311678456, 0.045434883487652, 0.027388714698142, 0.0045970933766891, 0.0076260753472268, 0.045434883487652, 0.075371504661247, 0.095108037375888, 0.1019964232563, 0.095108037375888, 0.075371504661247, 0.045434883487652, 0.0076260753472268, 0.0096230141936958, 0.057332311678456, 0.095108037375888, 0.120012713215, 0.12870486902001, 0.120012713215, 0.095108037375888, 0.057332311678456, 0.0096230141936958, 0.010319979843789, 0.061484716639733, 0.1019964232563, 0.12870486902001, 0.13802657123318, 0.12870486902001, 0.1019964232563, 0.061484716639733, 0.010319979843789, 0.0096230141936958, 0.057332311678456, 0.095108037375888, 0.120012713215, 0.12870486902001, 0.120012713215, 0.095108037375888, 0.057332311678456, 0.0096230141936958, 0.0076260753472268, 0.045434883487652, 0.075371504661247, 0.095108037375888, 0.1019964232563, 0.095108037375888, 0.075371504661247, 0.045434883487652, 0.0076260753472268, 0.0045970933766891, 0.027388714698142, 0.045434883487652, 0.057332311678456, 0.061484716639733, 0.057332311678456, 0.045434883487652, 0.027388714698142, 0.0045970933766891, 0.00077160493827162, 0.0045970933766891, 0.0076260753472268, 0.0096230141936958, 0.010319979843789, 0.0096230141936958, 0.0076260753472268, 0.0045970933766891, 0.00077160493827162},
{-1, -1, -1, -1, -1, -1, -1, -1, -1, -0.89975799541146, -0.89975799541146, -0.89975799541146, -0.89975799541146, -0.89975799541146, -0.89975799541146, -0.89975799541146, -0.89975799541146, -0.89975799541146, -0.67718627951074, -0.67718627951074, -0.67718627951074, -0.67718627951074, -0.67718627951074, -0.67718627951074, -0.67718627951074, -0.67718627951074, -0.67718627951074, -0.36311746382618, -0.36311746382618, -0.36311746382618, -0.36311746382618, -0.36311746382618, -0.36311746382618, -0.36311746382618, -0.36311746382618, -0.36311746382618, 0, 0, 0, 0, 0, 0, 0, 0, 0, 0.36311746382618, 0.36311746382618, 0.36311746382618, 0.36311746382618, 0.36311746382618, 0.36311746382618, 0.36311746382618, 0.36311746382618, 0.36311746382618, 0.67718627951074, 0.67718627951074, 0.67718627951074, 0.67718627951074, 0.67718627951074, 0.67718627951074, 0.67718627951074, 0.67718627951074, 0.67718627951074, 0.89975799541146, 0.89975799541146, 0.89975799541146, 0.89975799541146, 0.89975799541146, 0.89975799541146, 0.89975799541146, 0.89975799541146, 0.89975799541146, 1, 1, 1, 1, 1, 1, 1, 1, 1},
{-1, -0.89975799541146, -0.67718627951074, -0.36311746382618, 0, 0.36311746382618, 0.67718627951074, 0.89975799541146, 1, -1, -0.89975799541146, -0.67718627951074, -0.36311746382618, 0, 0.36311746382618, 0.67718627951074, 0.89975799541146, 1, -1, -0.89975799541146, -0.67718627951074, -0.36311746382618, 0, 0.36311746382618, 0.67718627951074, 0.89975799541146, 1, -1, -0.89975799541146, -0.67718627951074, -0.36311746382618, 0, 0.36311746382618, 0.67718627951074, 0.89975799541146, 1, -1, -0.89975799541146, -0.67718627951074, -0.36311746382618, 0, 0.36311746382618, 0.67718627951074, 0.89975799541146, 1, -1, -0.89975799541146, -0.67718627951074, -0.36311746382618, 0, 0.36311746382618, 0.67718627951074, 0.89975799541146, 1, -1, -0.89975799541146, -0.67718627951074, -0.36311746382618, 0, 0.36311746382618, 0.67718627951074, 0.89975799541146, 1, -1, -0.89975799541146, -0.67718627951074, -0.36311746382618, 2.7755575615629e-17, 0.36311746382618, 0.67718627951074, 0.89975799541146, 1, -1, -0.89975799541146, -0.67718627951074, -0.36311746382618, 0, 0.36311746382618, 0.67718627951074, 0.89975799541146, 1}};

const double quad_gaussLobatto::Gauss15[3][81] = {{0.00077160493827162, 0.0045970933766891, 0.0076260753472268, 0.0096230141936958, 0.010319979843789, 0.0096230141936958, 0.0076260753472268, 0.0045970933766891, 0.00077160493827162, 0.0045970933766891, 0.027388714698142, 0.045434883487652, 0.057332311678456, 0.061484716639733, 0.057332311678456, 0.045434883487652, 0.027388714698142, 0.0045970933766891, 0.0076260753472268, 0.045434883487652, 0.075371504661247, 0.095108037375888, 0.1019964232563, 0.095108037375888, 0.075371504661247, 0.045434883487652, 0.0076260753472268, 0.0096230141936958, 0.057332311678456, 0.095108037375888, 0.120012713215, 0.12870486902001, 0.120012713215, 0.095108037375888, 0.057332311678456, 0.0096230141936958, 0.010319979843789, 0.061484716639733, 0.1019964232563, 0.12870486902001, 0.13802657123318, 0.12870486902001, 0.1019964232563, 0.061484716639733, 0.010319979843789, 0.0096230141936958, 0.057332311678456, 0.095108037375888, 0.120012713215, 0.12870486902001, 0.120012713215, 0.095108037375888, 0.057332311678456, 0.0096230141936958, 0.0076260753472268, 0.045434883487652, 0.075371504661247, 0.095108037375888, 0.1019964232563, 0.095108037375888, 0.075371504661247, 0.045434883487652, 0.0076260753472268, 0.0045970933766891, 0.027388714698142, 0.045434883487652, 0.057332311678456, 0.061484716639733, 0.057332311678456, 0.045434883487652, 0.027388714698142, 0.0045970933766891, 0.00077160493827162, 0.0045970933766891, 0.0076260753472268, 0.0096230141936958, 0.010319979843789, 0.0096230141936958, 0.0076260753472268, 0.0045970933766891, 0.00077160493827162},
{-1, -1, -1, -1, -1, -1, -1, -1, -1, -0.89975799541146, -0.89975799541146, -0.89975799541146, -0.89975799541146, -0.89975799541146, -0.89975799541146, -0.89975799541146, -0.89975799541146, -0.89975799541146, -0.67718627951074, -0.67718627951074, -0.67718627951074, -0.67718627951074, -0.67718627951074, -0.67718627951074, -0.67718627951074, -0.67718627951074, -0.67718627951074, -0.36311746382618, -0.36311746382618, -0.36311746382618, -0.36311746382618, -0.36311746382618, -0.36311746382618, -0.36311746382618, -0.36311746382618, -0.36311746382618, 0, 0, 0, 0, 0, 0, 0, 0, 0, 0.36311746382618, 0.36311746382618, 0.36311746382618, 0.36311746382618, 0.36311746382618, 0.36311746382618, 0.36311746382618, 0.36311746382618, 0.36311746382618, 0.67718627951074, 0.67718627951074, 0.67718627951074, 0.67718627951074, 0.67718627951074, 0.67718627951074, 0.67718627951074, 0.67718627951074, 0.67718627951074, 0.89975799541146, 0.89975799541146, 0.89975799541146, 0.89975799541146, 0.89975799541146, 0.89975799541146, 0.89975799541146, 0.89975799541146, 0.89975799541146, 1, 1, 1, 1, 1, 1, 1, 1, 1},
{-1, -0.89975799541146, -0.67718627951074, -0.36311746382618, 0, 0.36311746382618, 0.67718627951074, 0.89975799541146, 1, -1, -0.89975799541146, -0.67718627951074, -0.36311746382618, 0, 0.36311746382618, 0.67718627951074, 0.89975799541146, 1, -1, -0.89975799541146, -0.67718627951074, -0.36311746382618, 0, 0.36311746382618, 0.67718627951074, 0.89975799541146, 1, -1, -0.89975799541146, -0.67718627951074, -0.36311746382618, 0, 0.36311746382618, 0.67718627951074, 0.89975799541146, 1, -1, -0.89975799541146, -0.67718627951074, -0.36311746382618, 0, 0.36311746382618, 0.67718627951074, 0.89975799541146, 1, -1, -0.89975799541146, -0.67718627951074, -0.36311746382618, 0, 0.36311746382618, 0.67718627951074, 0.89975799541146, 1, -1, -0.89975799541146, -0.67718627951074, -0.36311746382618, 0, 0.36311746382618, 0.67718627951074, 0.89975799541146, 1, -1, -0.89975799541146, -0.67718627951074, -0.36311746382618, 2.7755575615629e-17, 0.36311746382618, 0.67718627951074, 0.89975799541146, 1, -1, -0.89975799541146, -0.67718627951074, -0.36311746382618, 0, 0.36311746382618, 0.67718627951074, 0.89975799541146, 1}};

const double quad_gaussLobatto::Gauss16[3][100] = {{0.00049382716049382, 0.002962355352246, 0.0049975409347361, 0.006489837415104, 0.0072786613596421, 0.0072786613596421, 0.006489837415104, 0.0049975409347361, 0.002962355352246, 0.00049382716049382, 0.002962355352246, 0.017770487196786, 0.02997909657557, 0.038931039318726, 0.043663012407742, 0.043663012407742, 0.038931039318726, 0.02997909657557, 0.017770487196786, 0.002962355352246, 0.0049975409347361, 0.02997909657557, 0.050575216173586, 0.065677286987074, 0.07366020139216, 0.07366020139216, 0.065677286987074, 0.050575216173586, 0.02997909657557, 0.0049975409347361, 0.006489837415104, 0.038931039318726, 0.065677286987074, 0.085288929090832, 0.095655590867948, 0.095655590867948, 0.085288929090832, 0.065677286987074, 0.038931039318726, 0.006489837415104, 0.0072786613596421, 0.043663012407742, 0.07366020139216, 0.095655590867948, 0.1072822951564, 0.1072822951564, 0.095655590867948, 0.07366020139216, 0.043663012407742, 0.0072786613596421, 0.0072786613596421, 0.043663012407742, 0.07366020139216, 0.095655590867948, 0.1072822951564, 0.1072822951564, 0.095655590867948, 0.07366020139216, 0.043663012407742, 0.0072786613596421, 0.006489837415104, 0.038931039318726, 0.065677286987074, 0.085288929090832, 0.095655590867948, 0.095655590867948, 0.085288929090832, 0.065677286987074, 0.038931039318726, 0.006489837415104, 0.0049975409347361, 0.02997909657557, 0.050575216173586, 0.065677286987074, 0.07366020139216, 0.07366020139216, 0.065677286987074, 0.050575216173586, 0.02997909657557, 0.0049975409347361, 0.002962355352246, 0.017770487196786, 0.02997909657557, 0.038931039318726, 0.043663012407742, 0.043663012407742, 0.038931039318726, 0.02997909657557, 0.017770487196786, 0.002962355352246, 0.00049382716049382, 0.002962355352246, 0.0049975409347361, 0.006489837415104, 0.0072786613596421, 0.0072786613596421, 0.006489837415104, 0.0049975409347361, 0.002962355352246, 0.00049382716049382},
{-1, -1, -1, -1, -1, -1, -1, -1, -1, -1, -0.91953390816646, -0.91953390816646, -0.91953390816646, -0.91953390816646, -0.91953390816646, -0.91953390816646, -0.91953390816646, -0.91953390816646, -0.91953390816646, -0.91953390816646, -0.73877386510551, -0.73877386510551, -0.73877386510551, -0.73877386510551, -0.73877386510551, -0.73877386510551, -0.73877386510551, -0.73877386510551, -0.73877386510551, -0.73877386510551, -0.47792494981044, -0.47792494981044, -0.47792494981045, -0.47792494981044, -0.47792494981044, -0.47792494981044, -0.47792494981044, -0.47792494981044, -0.47792494981044, -0.47792494981044, -0.16527895766639, -0.16527895766639, -0.16527895766639, -0.16527895766639, -0.16527895766639, -0.16527895766639, -0.16527895766639, -0.16527895766639, -0.16527895766639, -0.16527895766639, 0.16527895766639, 0.16527895766639, 0.16527895766639, 0.16527895766639, 0.16527895766639, 0.16527895766639, 0.16527895766639, 0.16527895766639, 0.16527895766639, 0.16527895766639, 0.47792494981044, 0.47792494981044, 0.47792494981045, 0.47792494981044, 0.47792494981044, 0.47792494981044, 0.47792494981044, 0.47792494981045, 0.47792494981044, 0.47792494981044, 0.73877386510551, 0.73877386510551, 0.73877386510551, 0.73877386510551, 0.73877386510551, 0.73877386510551, 0.73877386510551, 0.73877386510551, 0.73877386510551, 0.73877386510551, 0.91953390816646, 0.91953390816646, 0.91953390816646, 0.91953390816646, 0.91953390816646, 0.91953390816646, 0.91953390816646, 0.91953390816646, 0.91953390816646, 0.91953390816646, 1, 1, 1, 1, 1, 1, 1, 1, 1, 1},
{-1, -0.91953390816646, -0.73877386510551, -0.47792494981044, -0.16527895766639, 0.16527895766639, 0.47792494981044, 0.73877386510551, 0.91953390816646, 1, -1, -0.91953390816646, -0.73877386510551, -0.47792494981044, -0.16527895766639, 0.16527895766639, 0.47792494981044, 0.73877386510551, 0.91953390816646, 1, -1, -0.91953390816646, -0.73877386510551, -0.47792494981045, -0.16527895766639, 0.16527895766639, 0.47792494981045, 0.73877386510551, 0.91953390816646, 1, -1, -0.91953390816646, -0.73877386510551, -0.47792494981044, -0.16527895766639, 0.16527895766639, 0.47792494981044, 0.73877386510551, 0.91953390816646, 1, -1, -0.91953390816646, -0.73877386510551, -0.47792494981044, -0.16527895766639, 0.16527895766639, 0.47792494981044, 0.73877386510551, 0.91953390816646, 1, -1, -0.91953390816646, -0.73877386510551, -0.47792494981044, -0.16527895766639, 0.16527895766639, 0.47792494981044, 0.73877386510551, 0.91953390816646, 1, -1, -0.91953390816646, -0.73877386510551, -0.47792494981044, -0.16527895766639, 0.16527895766639, 0.47792494981044, 0.73877386510551, 0.91953390816646, 1, -1, -0.91953390816646, -0.73877386510551, -0.47792494981045, -0.16527895766639, 0.16527895766639, 0.47792494981045, 0.73877386510551, 0.91953390816646, 1, -1, -0.91953390816646, -0.73877386510551, -0.47792494981044, -0.16527895766639, 0.16527895766639, 0.47792494981044, 0.73877386510551, 0.91953390816646, 1, -1, -0.91953390816646, -0.73877386510551, -0.47792494981044, -0.16527895766639, 0.16527895766639, 0.47792494981044, 0.73877386510551, 0.91953390816646, 1}};

const double quad_gaussLobatto::Gauss17[3][100] = {{0.00049382716049382, 0.002962355352246, 0.0049975409347361, 0.006489837415104, 0.0072786613596421, 0.0072786613596421, 0.006489837415104, 0.0049975409347361, 0.002962355352246, 0.00049382716049382, 0.002962355352246, 0.017770487196786, 0.02997909657557, 0.038931039318726, 0.043663012407742, 0.043663012407742, 0.038931039318726, 0.02997909657557, 0.017770487196786, 0.002962355352246, 0.0049975409347361, 0.02997909657557, 0.050575216173586, 0.065677286987074, 0.07366020139216, 0.07366020139216, 0.065677286987074, 0.050575216173586, 0.02997909657557, 0.0049975409347361, 0.006489837415104, 0.038931039318726, 0.065677286987074, 0.085288929090832, 0.095655590867948, 0.095655590867948, 0.085288929090832, 0.065677286987074, 0.038931039318726, 0.006489837415104, 0.0072786613596421, 0.043663012407742, 0.07366020139216, 0.095655590867948, 0.1072822951564, 0.1072822951564, 0.095655590867948, 0.07366020139216, 0.043663012407742, 0.0072786613596421, 0.0072786613596421, 0.043663012407742, 0.07366020139216, 0.095655590867948, 0.1072822951564, 0.1072822951564, 0.095655590867948, 0.07366020139216, 0.043663012407742, 0.0072786613596421, 0.006489837415104, 0.038931039318726, 0.065677286987074, 0.085288929090832, 0.095655590867948, 0.095655590867948, 0.085288929090832, 0.065677286987074, 0.038931039318726, 0.006489837415104, 0.0049975409347361, 0.02997909657557, 0.050575216173586, 0.065677286987074, 0.07366020139216, 0.07366020139216, 0.065677286987074, 0.050575216173586, 0.02997909657557, 0.0049975409347361, 0.002962355352246, 0.017770487196786, 0.02997909657557, 0.038931039318726, 0.043663012407742, 0.043663012407742, 0.038931039318726, 0.02997909657557, 0.017770487196786, 0.002962355352246, 0.00049382716049382, 0.002962355352246, 0.0049975409347361, 0.006489837415104, 0.0072786613596421, 0.0072786613596421, 0.006489837415104, 0.0049975409347361, 0.002962355352246, 0.00049382716049382},
{-1, -1, -1, -1, -1, -1, -1, -1, -1, -1, -0.91953390816646, -0.91953390816646, -0.91953390816646, -0.91953390816646, -0.91953390816646, -0.91953390816646, -0.91953390816646, -0.91953390816646, -0.91953390816646, -0.91953390816646, -0.73877386510551, -0.73877386510551, -0.73877386510551, -0.73877386510551, -0.73877386510551, -0.73877386510551, -0.73877386510551, -0.73877386510551, -0.73877386510551, -0.73877386510551, -0.47792494981044, -0.47792494981044, -0.47792494981045, -0.47792494981044, -0.47792494981044, -0.47792494981044, -0.47792494981044, -0.47792494981044, -0.47792494981044, -0.47792494981044, -0.16527895766639, -0.16527895766639, -0.16527895766639, -0.16527895766639, -0.16527895766639, -0.16527895766639, -0.16527895766639, -0.16527895766639, -0.16527895766639, -0.16527895766639, 0.16527895766639, 0.16527895766639, 0.16527895766639, 0.16527895766639, 0.16527895766639, 0.16527895766639, 0.16527895766639, 0.16527895766639, 0.16527895766639, 0.16527895766639, 0.47792494981044, 0.47792494981044, 0.47792494981045, 0.47792494981044, 0.47792494981044, 0.47792494981044, 0.47792494981044, 0.47792494981045, 0.47792494981044, 0.47792494981044, 0.73877386510551, 0.73877386510551, 0.73877386510551, 0.73877386510551, 0.73877386510551, 0.73877386510551, 0.73877386510551, 0.73877386510551, 0.73877386510551, 0.73877386510551, 0.91953390816646, 0.91953390816646, 0.91953390816646, 0.91953390816646, 0.91953390816646, 0.91953390816646, 0.91953390816646, 0.91953390816646, 0.91953390816646, 0.91953390816646, 1, 1, 1, 1, 1, 1, 1, 1, 1, 1},
{-1, -0.91953390816646, -0.73877386510551, -0.47792494981044, -0.16527895766639, 0.16527895766639, 0.47792494981044, 0.73877386510551, 0.91953390816646, 1, -1, -0.91953390816646, -0.73877386510551, -0.47792494981044, -0.16527895766639, 0.16527895766639, 0.47792494981044, 0.73877386510551, 0.91953390816646, 1, -1, -0.91953390816646, -0.73877386510551, -0.47792494981045, -0.16527895766639, 0.16527895766639, 0.47792494981045, 0.73877386510551, 0.91953390816646, 1, -1, -0.91953390816646, -0.73877386510551, -0.47792494981044, -0.16527895766639, 0.16527895766639, 0.47792494981044, 0.73877386510551, 0.91953390816646, 1, -1, -0.91953390816646, -0.73877386510551, -0.47792494981044, -0.16527895766639, 0.16527895766639, 0.47792494981044, 0.73877386510551, 0.91953390816646, 1, -1, -0.91953390816646, -0.73877386510551, -0.47792494981044, -0.16527895766639, 0.16527895766639, 0.47792494981044, 0.73877386510551, 0.91953390816646, 1, -1, -0.91953390816646, -0.73877386510551, -0.47792494981044, -0.16527895766639, 0.16527895766639, 0.47792494981044, 0.73877386510551, 0.91953390816646, 1, -1, -0.91953390816646, -0.73877386510551, -0.47792494981045, -0.16527895766639, 0.16527895766639, 0.47792494981045, 0.73877386510551, 0.91953390816646, 1, -1, -0.91953390816646, -0.73877386510551, -0.47792494981044, -0.16527895766639, 0.16527895766639, 0.47792494981044, 0.73877386510551, 0.91953390816646, 1, -1, -0.91953390816646, -0.73877386510551, -0.47792494981044, -0.16527895766639, 0.16527895766639, 0.47792494981044, 0.73877386510551, 0.91953390816646, 1}};

const double quad_gaussLobatto::Gauss18[3][121] = {{0.00033057851239669, 0.0019929504230363, 0.0034030887596419, 0.0045099655320732, 0.005215984086891, 0.005458501735558, 0.005215984086891, 0.0045099655320732, 0.0034030887596419, 0.0019929504230363, 0.00033057851239669, 0.0019929504230363, 0.012014850450758, 0.020516116229054, 0.027189116587949, 0.031445473019873, 0.032907533112649, 0.031445473019873, 0.027189116587949, 0.020516116229054, 0.012014850450758, 0.0019929504230363, 0.0034030887596419, 0.020516116229054, 0.035032564645653, 0.046427134350927, 0.053695131870124, 0.056191691849809, 0.053695131870124, 0.046427134350927, 0.035032564645653, 0.020516116229054, 0.0034030887596419, 0.0045099655320732, 0.027189116587949, 0.046427134350927, 0.061527862028978, 0.071159823054356, 0.074468405419489, 0.071159823054356, 0.061527862028978, 0.046427134350927, 0.027189116587949, 0.0045099655320732, 0.005215984086891, 0.031445473019873, 0.053695131870124, 0.071159823054356, 0.08229963223397, 0.086126161027587, 0.08229963223397, 0.071159823054356, 0.053695131870124, 0.031445473019873, 0.005215984086891, 0.005458501735558, 0.032907533112649, 0.056191691849809, 0.074468405419489, 0.086126161027587, 0.090130604621197, 0.086126161027587, 0.074468405419489, 0.056191691849809, 0.032907533112649, 0.005458501735558, 0.005215984086891, 0.031445473019873, 0.053695131870124, 0.071159823054356, 0.08229963223397, 0.086126161027587, 0.08229963223397, 0.071159823054356, 0.053695131870124, 0.031445473019873, 0.005215984086891, 0.0045099655320732, 0.027189116587949, 0.046427134350927, 0.061527862028978, 0.071159823054356, 0.074468405419489, 0.071159823054356, 0.061527862028978, 0.046427134350927, 0.027189116587949, 0.0045099655320732, 0.0034030887596419, 0.020516116229054, 0.035032564645653, 0.046427134350927, 0.053695131870124, 0.056191691849809, 0.053695131870124, 0.046427134350927, 0.035032564645653, 0.020516116229054, 0.0034030887596419, 0.0019929504230363, 0.012014850450758, 0.020516116229054, 0.027189116587949, 0.031445473019873, 0.032907533112649, 0.031445473019873, 0.027189116587949, 0.020516116229054, 0.012014850450758, 0.0019929504230363, 0.00033057851239669, 0.0019929504230363, 0.0034030887596419, 0.0045099655320732, 0.005215984086891, 0.005458501735558, 0.005215984086891, 0.0045099655320732, 0.0034030887596419, 0.0019929504230363, 0.00033057851239669},
