/*=========================================================================

Program: FEMUS
Module: Gauss
Authors: Eugenio Aulisa, Giorgio Bornia, Erdi Kara

Copyright (c) FEMTTU
All rights reserved.

This software is distributed WITHOUT ANY WARRANTY; without even
the implied warranty of MERCHANTABILITY or FITNESS FOR A PARTICULAR
PURPOSE.  See the above copyright notice for more information.

=========================================================================*/

#include "TriGaussLobattoPoints.hpp"
#include <iostream>
#include <stdlib.h>
#include <string.h>

namespace femus {
const unsigned tri_gaussLobatto::GaussPoints[38] = {4, 9, 9, 16, 16, 25, 25, 36, 36, 49, 49, 64, 64, 81, 81, 100, 100, 121, 121, 144, 144, 169, 169, 196, 196, 225, 225, 256, 256, 289, 289, 324, 324, 361, 361, 400, 400, 441};

const double * tri_gaussLobatto::Gauss[38] = {Gauss0[0], Gauss1[0], Gauss2[0], Gauss3[0], Gauss4[0], Gauss5[0], Gauss6[0], Gauss7[0], Gauss8[0], Gauss9[0], Gauss10[0], Gauss11[0], Gauss12[0], Gauss13[0], Gauss14[0], Gauss15[0], Gauss16[0], Gauss17[0], Gauss18[0], Gauss19[0], Gauss20[0], Gauss21[0], Gauss22[0], Gauss23[0], Gauss24[0], Gauss25[0], Gauss26[0], Gauss27[0], Gauss28[0], Gauss29[0], Gauss30[0], Gauss31[0], Gauss32[0], Gauss33[0], Gauss34[0], Gauss35[0], Gauss36[0], Gauss37[0]};

const double tri_gaussLobatto::Gauss0[3][4] = {{0.25, 0.125, 0.125, 0},
{0, 0, 1, 0.5},
{0, 1, 0, 0.5}};

const double tri_gaussLobatto::Gauss1[3][9] = {{0.027777777777778, 0.083333333333333, 0.013888888888889, 0.083333333333333, 0.22222222222222, 0.027777777777778, 0.013888888888889, 0.027777777777778, 0},
{0, 0, 0, 0.5, 0.375, 0.25, 1, 0.75, 0.5},
{0, 0.5, 1, 0, 0.375, 0.75, 0, 0.25, 0.5}};

const double tri_gaussLobatto::Gauss2[3][9] = {{0.027777777777778, 0.083333333333333, 0.013888888888889, 0.083333333333333, 0.22222222222222, 0.027777777777778, 0.013888888888889, 0.027777777777778, 0},
{0, 0, 0, 0.5, 0.375, 0.25, 1, 0.75, 0.5},
{0, 0.5, 1, 0, 0.375, 0.75, 0, 0.25, 0.5}};

const double tri_gaussLobatto::Gauss3[3][16] = {{0.0069444444444445, 0.029923729127604, 0.02215960420573, 0.0034722222222222, 0.029923729127604, 0.12562618016493, 0.086805555555555, 0.012562618016493, 0.02215960420573, 0.086805555555555, 0.047984930946184, 0.0047984930946184, 0.0034722222222222, 0.012562618016493, 0.0047984930946184, 0},
{0, 0, 0, 0, 0.27639320225002, 0.23819660112501, 0.17639320225002, 0.13819660112501, 0.72360679774998, 0.62360679774998, 0.46180339887499, 0.36180339887499, 1, 0.86180339887499, 0.63819660112501, 0.5},
{0, 0.27639320225002, 0.72360679774998, 1, 0, 0.23819660112501, 0.62360679774998, 0.86180339887499, 0, 0.17639320225002, 0.46180339887499, 0.63819660112501, 0, 0.13819660112501, 0.36180339887499, 0.5}};

const double tri_gaussLobatto::Gauss4[3][16] = {{0.0069444444444445, 0.029923729127604, 0.02215960420573, 0.0034722222222222, 0.029923729127604, 0.12562618016493, 0.086805555555555, 0.012562618016493, 0.02215960420573, 0.086805555555555, 0.047984930946184, 0.0047984930946184, 0.0034722222222222, 0.012562618016493, 0.0047984930946184, 0},
{0, 0, 0, 0, 0.27639320225002, 0.23819660112501, 0.17639320225002, 0.13819660112501, 0.72360679774998, 0.62360679774998, 0.46180339887499, 0.36180339887499, 1, 0.86180339887499, 0.63819660112501, 0.5},
{0, 0.27639320225002, 0.72360679774998, 1, 0, 0.23819660112501, 0.62360679774998, 0.86180339887499, 0, 0.17639320225002, 0.46180339887499, 0.63819660112501, 0, 0.13819660112501, 0.36180339887499, 0.5}};

const double tri_gaussLobatto::Gauss5[3][25] = {{0.0025, 0.012435974296159, 0.013333333333333, 0.0079806923705076, 0.00125, 0.012435974296159, 0.061309004064349, 0.064236064130711, 0.037052469135802, 0.0056304187406035, 0.013333333333333, 0.064236064130711, 0.06320987654321, 0.032554059326079, 0.0044444444444444, 0.0079806923705076, 0.037052469135802, 0.032554059326079, 0.012795934207255, 0.001175136814952, 0.00125, 0.0056304187406035, 0.0044444444444444, 0.001175136814952, 0},
{0, 0, 0, 0, 0, 0.17267316464601, 0.15776515375158, 0.12950487348451, 0.10124459321744, 0.086336582323006, 0.5, 0.4568317088385, 0.375, 0.2931682911615, 0.25, 0.82732683535399, 0.75589826392542, 0.62049512651549, 0.48509198910557, 0.41366341767699, 1, 0.91366341767699, 0.75, 0.58633658232301, 0.5},
{0, 0.17267316464601, 0.5, 0.82732683535399, 1, 0, 0.15776515375158, 0.4568317088385, 0.75589826392542, 0.91366341767699, 0, 0.12950487348451, 0.375, 0.62049512651549, 0.75, 0, 0.10124459321744, 0.2931682911615, 0.48509198910557, 0.58633658232301, 0, 0.086336582323006, 0.25, 0.41366341767699, 0.5}};

const double tri_gaussLobatto::Gauss6[3][25] = {{0.0025, 0.012435974296159, 0.013333333333333, 0.0079806923705076, 0.00125, 0.012435974296159, 0.061309004064349, 0.064236064130711, 0.037052469135802, 0.0056304187406035, 0.013333333333333, 0.064236064130711, 0.06320987654321, 0.032554059326079, 0.0044444444444444, 0.0079806923705076, 0.037052469135802, 0.032554059326079, 0.012795934207255, 0.001175136814952, 0.00125, 0.0056304187406035, 0.0044444444444444, 0.001175136814952, 0},
{0, 0, 0, 0, 0, 0.17267316464601, 0.15776515375158, 0.12950487348451, 0.10124459321744, 0.086336582323006, 0.5, 0.4568317088385, 0.375, 0.2931682911615, 0.25, 0.82732683535399, 0.75589826392542, 0.62049512651549, 0.48509198910557, 0.41366341767699, 1, 0.91366341767699, 0.75, 0.58633658232301, 0.5},
{0, 0.17267316464601, 0.5, 0.82732683535399, 1, 0, 0.15776515375158, 0.4568317088385, 0.75589826392542, 0.91366341767699, 0, 0.12950487348451, 0.375, 0.62049512651549, 0.75, 0, 0.10124459321744, 0.2931682911615, 0.48509198910557, 0.58633658232301, 0, 0.086336582323006, 0.25, 0.41366341767699, 0.5}};

const double tri_gaussLobatto::Gauss7[3][36] = {{0.0011111111111111, 0.0059374131215966, 0.0075951592809179, 0.0062763001449694, 0.0035244607858496, 0.00055555555555556, 0.0059374131215966, 0.031604042015392, 0.040035014780383, 0.032547687472766, 0.017905411568082, 0.0027834551524479, 0.0075951592809179, 0.040035014780383, 0.049460177916469, 0.038483477320807, 0.019952312527234, 0.0029713394722888, 0.0062763001449694, 0.032547687472766, 0.038483477320807, 0.027506776725144, 0.012464985219617, 0.0016524803363403, 0.0035244607858496, 0.017905411568082, 0.019952312527234, 0.012464985219617, 0.0042067811207727, 0.00037050281670087, 0.00055555555555556, 0.0027834551524479, 0.0029713394722888, 0.0016524803363403, 0.00037050281670087, 0},
{0, 0, 0, 0, 0, 0, 0.11747233803527, 0.11057246293353, 0.096480956807032, 0.079727550245869, 0.06563604411937, 0.058736169017634, 0.35738424175968, 0.33639286053144, 0.29352249363061, 0.24255386900891, 0.19968350210807, 0.17869212087984, 0.64261575824032, 0.60487097045092, 0.52778538548955, 0.43613825187093, 0.35905266690956, 0.32130787912016, 0.88252766196473, 0.83069136804883, 0.72482692231313, 0.59896457063397, 0.49310012489826, 0.44126383098237, 1, 0.94126383098237, 0.82130787912016, 0.67869212087984, 0.55873616901763, 0.5},
{0, 0.11747233803527, 0.35738424175968, 0.64261575824032, 0.88252766196473, 1, 0, 0.11057246293353, 0.33639286053144, 0.60487097045092, 0.83069136804883, 0.94126383098237, 0, 0.096480956807032, 0.29352249363061, 0.52778538548955, 0.72482692231313, 0.82130787912016, 0, 0.079727550245869, 0.24255386900891, 0.43613825187093, 0.59896457063397, 0.67869212087984, 0, 0.06563604411937, 0.19968350210807, 0.35905266690956, 0.49310012489826, 0.55873616901763, 0, 0.058736169017634, 0.17869212087984, 0.32130787912016, 0.44126383098237, 0.5}};

const double tri_gaussLobatto::Gauss8[3][36] = {{0.0011111111111111, 0.0059374131215966, 0.0075951592809179, 0.0062763001449694, 0.0035244607858496, 0.00055555555555556, 0.0059374131215966, 0.031604042015392, 0.040035014780383, 0.032547687472766, 0.017905411568082, 0.0027834551524479, 0.0075951592809179, 0.040035014780383, 0.049460177916469, 0.038483477320807, 0.019952312527234, 0.0029713394722888, 0.0062763001449694, 0.032547687472766, 0.038483477320807, 0.027506776725144, 0.012464985219617, 0.0016524803363403, 0.0035244607858496, 0.017905411568082, 0.019952312527234, 0.012464985219617, 0.0042067811207727, 0.00037050281670087, 0.00055555555555556, 0.0027834551524479, 0.0029713394722888, 0.0016524803363403, 0.00037050281670087, 0},
{0, 0, 0, 0, 0, 0, 0.11747233803527, 0.11057246293353, 0.096480956807032, 0.079727550245869, 0.06563604411937, 0.058736169017634, 0.35738424175968, 0.33639286053144, 0.29352249363061, 0.24255386900891, 0.19968350210807, 0.17869212087984, 0.64261575824032, 0.60487097045092, 0.52778538548955, 0.43613825187093, 0.35905266690956, 0.32130787912016, 0.88252766196473, 0.83069136804883, 0.72482692231313, 0.59896457063397, 0.49310012489826, 0.44126383098237, 1, 0.94126383098237, 0.82130787912016, 0.67869212087984, 0.55873616901763, 0.5},
{0, 0.11747233803527, 0.35738424175968, 0.64261575824032, 0.88252766196473, 1, 0, 0.11057246293353, 0.33639286053144, 0.60487097045092, 0.83069136804883, 0.94126383098237, 0, 0.096480956807032, 0.29352249363061, 0.52778538548955, 0.72482692231313, 0.82130787912016, 0, 0.079727550245869, 0.24255386900891, 0.43613825187093, 0.59896457063397, 0.67869212087984, 0, 0.06563604411937, 0.19968350210807, 0.35905266690956, 0.49310012489826, 0.55873616901763, 0, 0.058736169017634, 0.17869212087984, 0.32130787912016, 0.44126383098237, 0.5}};

const double tri_gaussLobatto::Gauss9[3][49] = {{0.00056689342403629, 0.0031556718503471, 0.0044573197758821, 0.0043537414965987, 0.003252419174294, 0.0017876504239666, 0.00028344671201815, 0.0031556718503471, 0.017531865809816, 0.024643736352357, 0.023877476399392, 0.017639231061332, 0.0095790825622285, 0.0015078977589092, 0.0044573197758821, 0.024643736352357, 0.034224924935112, 0.032485000030066, 0.023300509274506, 0.012240360775403, 0.0018874067924901, 0.0043537414965987, 0.023877476399392, 0.032485000030066, 0.029721541950113, 0.020146817869804, 0.0098689369932562, 0.0014512471655329, 0.003252419174294, 0.017639231061332, 0.023300509274506, 0.020146817869804, 0.012376093613901, 0.005235855484378, 0.00068250619090199, 0.0017876504239666, 0.0095790825622285, 0.012240360775403, 0.0098689369932562, 0.005235855484378, 0.0016262993146411, 0.00013987633252873, 0.00028344671201815, 0.0015078977589092, 0.0018874067924901, 0.0014512471655329, 0.00068250619090199, 0.00013987633252873, 0},
{0, 0, 0, 0, 0, 0, 0, 0.084888051860717, 0.081285061186363, 0.073615954069281, 0.063666038895537, 0.053716123721793, 0.046047016604712, 0.042444025930358, 0.26557560326464, 0.25430350547321, 0.23031040273995, 0.19918170244848, 0.16805300215701, 0.14405989942376, 0.13278780163232, 0.5, 0.47877798703482, 0.43360609918384, 0.375, 0.31639390081616, 0.27122201296518, 0.25, 0.73442439673536, 0.70325246859643, 0.63690179562772, 0.55081829755152, 0.46473479947531, 0.3983841265066, 0.36721219836768, 0.91511194813928, 0.87627091288328, 0.7935962442984, 0.68633396110446, 0.57907167791053, 0.49639700932565, 0.45755597406964, 1, 0.95755597406964, 0.86721219836768, 0.75, 0.63278780163232, 0.54244402593036, 0.5},
{0, 0.084888051860717, 0.26557560326464, 0.5, 0.73442439673536, 0.91511194813928, 1, 0, 0.081285061186363, 0.25430350547321, 0.47877798703482, 0.70325246859643, 0.87627091288328, 0.95755597406964, 0, 0.073615954069281, 0.23031040273995, 0.43360609918384, 0.63690179562772, 0.7935962442984, 0.86721219836768, 0, 0.063666038895537, 0.19918170244848, 0.375, 0.55081829755152, 0.68633396110446, 0.75, 0, 0.053716123721793, 0.16805300215701, 0.31639390081616, 0.46473479947531, 0.57907167791053, 0.63278780163232, 0, 0.046047016604712, 0.14405989942376, 0.27122201296518, 0.3983841265066, 0.49639700932565, 0.54244402593036, 0, 0.042444025930358, 0.13278780163232, 0.25, 0.36721219836768, 0.45755597406964, 0.5}};

const double tri_gaussLobatto::Gauss10[3][49] = {{0.00056689342403629, 0.0031556718503471, 0.0044573197758821, 0.0043537414965987, 0.003252419174294, 0.0017876504239666, 0.00028344671201815, 0.0031556718503471, 0.017531865809816, 0.024643736352357, 0.023877476399392, 0.017639231061332, 0.0095790825622285, 0.0015078977589092, 0.0044573197758821, 0.024643736352357, 0.034224924935112, 0.032485000030066, 0.023300509274506, 0.012240360775403, 0.0018874067924901, 0.0043537414965987, 0.023877476399392, 0.032485000030066, 0.029721541950113, 0.020146817869804, 0.0098689369932562, 0.0014512471655329, 0.003252419174294, 0.017639231061332, 0.023300509274506, 0.020146817869804, 0.012376093613901, 0.005235855484378, 0.00068250619090199, 0.0017876504239666, 0.0095790825622285, 0.012240360775403, 0.0098689369932562, 0.005235855484378, 0.0016262993146411, 0.00013987633252873, 0.00028344671201815, 0.0015078977589092, 0.0018874067924901, 0.0014512471655329, 0.00068250619090199, 0.00013987633252873, 0},
{0, 0, 0, 0, 0, 0, 0, 0.084888051860717, 0.081285061186363, 0.073615954069281, 0.063666038895537, 0.053716123721793, 0.046047016604712, 0.042444025930358, 0.26557560326464, 0.25430350547321, 0.23031040273995, 0.19918170244848, 0.16805300215701, 0.14405989942376, 0.13278780163232, 0.5, 0.47877798703482, 0.43360609918384, 0.375, 0.31639390081616, 0.27122201296518, 0.25, 0.73442439673536, 0.70325246859643, 0.63690179562772, 0.55081829755152, 0.46473479947531, 0.3983841265066, 0.36721219836768, 0.91511194813928, 0.87627091288328, 0.7935962442984, 0.68633396110446, 0.57907167791053, 0.49639700932565, 0.45755597406964, 1, 0.95755597406964, 0.86721219836768, 0.75, 0.63278780163232, 0.54244402593036, 0.5},
{0, 0.084888051860717, 0.26557560326464, 0.5, 0.73442439673536, 0.91511194813928, 1, 0, 0.081285061186363, 0.25430350547321, 0.47877798703482, 0.70325246859643, 0.87627091288328, 0.95755597406964, 0, 0.073615954069281, 0.23031040273995, 0.43360609918384, 0.63690179562772, 0.7935962442984, 0.86721219836768, 0, 0.063666038895537, 0.19918170244848, 0.375, 0.55081829755152, 0.68633396110446, 0.75, 0, 0.053716123721793, 0.16805300215701, 0.31639390081616, 0.46473479947531, 0.57907167791053, 0.63278780163232, 0, 0.046047016604712, 0.14405989942376, 0.27122201296518, 0.3983841265066, 0.49639700932565, 0.54244402593036, 0, 0.042444025930358, 0.13278780163232, 0.25, 0.36721219836768, 0.45755597406964, 0.5}};

const double tri_gaussLobatto::Gauss11[3][64] = {{0.00031887755102041, 0.0018209643207415, 0.0027348447242946, 0.0029546957301678, 0.0025693059840113, 0.0018337627643238, 0.0010009672927876, 0.00015943877551021, 0.0018209643207415, 0.010387285437998, 0.015558638367724, 0.01673520672605, 0.014461515764887, 0.010242508584603, 0.0055495339170178, 0.00088032044956516, 0.0027348447242946, 0.015558638367724, 0.023152212537239, 0.024631122959038, 0.020950097698833, 0.014545586415899, 0.0077264897356088, 0.0012119755614218, 0.0029546957301678, 0.01673520672605, 0.024631122959038, 0.025716089086273, 0.021265282161414, 0.014224665944287, 0.0072651871243889, 0.0011133618254415, 0.0025693059840113, 0.014461515764887, 0.020950097698833, 0.021265282161414, 0.016814475236554, 0.010543640684082, 0.0049914961632264, 0.00072797207928491, 0.0018337627643238, 0.010242508584603, 0.014545586415899, 0.014224665944287, 0.010543640684082, 0.0059389602945603, 0.0024103599524881, 0.00031089360145101, 0.0010009672927876, 0.0055495339170178, 0.0077264897356088, 0.0072651871243889, 0.0049914961632264, 0.0024103599524881, 0.0007117823960376, 6.0323421611215e-05, 0.00015943877551021, 0.00088032044956516, 0.0012119755614218, 0.0011133618254415, 0.00072797207928491, 0.00031089360145101, 6.0323421611215e-05, 0},
{0, 0, 0, 0, 0, 0, 0, 0, 0.064129925745196, 0.062073602057154, 0.057583866483579, 0.051453030134551, 0.044741858483244, 0.038611022134216, 0.03412128656064, 0.032064962872598, 0.20414990928343, 0.19760385002181, 0.18331131655321, 0.16379453604954, 0.1424303278756, 0.12291354737193, 0.10862101390333, 0.10207495464171, 0.39535039104876, 0.38267349543811, 0.35499501781487, 0.31719942519756, 0.27582616137558, 0.23803056875827, 0.21035209113503, 0.19767519552438, 0.60464960895124, 0.58526154168929, 0.54293002754341, 0.48512537927806, 0.4218490341488, 0.36404438588345, 0.32171287173757, 0.30232480447562, 0.79585009071657, 0.77033118710559, 0.71461372880507, 0.63853026842608, 0.55524486764878, 0.47916140726978, 0.42344394896927, 0.39792504535829, 0.9358700742548, 0.90586143507025, 0.84034117887471, 0.75087177434107, 0.65293333704114, 0.5634639325075, 0.49794367631196, 0.4679350371274, 1, 0.9679350371274, 0.89792504535829, 0.80232480447562, 0.69767519552438, 0.60207495464171, 0.5320649628726, 0.5},
{0, 0.064129925745196, 0.20414990928343, 0.39535039104876, 0.60464960895124, 0.79585009071657, 0.9358700742548, 1, 0, 0.062073602057154, 0.19760385002181, 0.38267349543811, 0.58526154168929, 0.77033118710559, 0.90586143507025, 0.9679350371274, 0, 0.057583866483579, 0.18331131655321, 0.35499501781487, 0.54293002754341, 0.71461372880507, 0.84034117887471, 0.89792504535829, 0, 0.051453030134551, 0.16379453604954, 0.31719942519756, 0.48512537927806, 0.63853026842608, 0.75087177434107, 0.80232480447562, 0, 0.044741858483244, 0.1424303278756, 0.27582616137558, 0.4218490341488, 0.55524486764878, 0.65293333704114, 0.69767519552438, 0, 0.038611022134216, 0.12291354737193, 0.23803056875827, 0.36404438588345, 0.47916140726978, 0.5634639325075, 0.60207495464171, 0, 0.03412128656064, 0.10862101390333, 0.21035209113503, 0.32171287173757, 0.42344394896927, 0.49794367631196, 0.5320649628726, 0, 0.032064962872598, 0.10207495464171, 0.19767519552438, 0.30232480447562, 0.39792504535829, 0.4679350371274, 0.5}};

const double tri_gaussLobatto::Gauss12[3][64] = {{0.00031887755102041, 0.0018209643207415, 0.0027348447242946, 0.0029546957301678, 0.0025693059840113, 0.0018337627643238, 0.0010009672927876, 0.00015943877551021, 0.0018209643207415, 0.010387285437998, 0.015558638367724, 0.01673520672605, 0.014461515764887, 0.010242508584603, 0.0055495339170178, 0.00088032044956516, 0.0027348447242946, 0.015558638367724, 0.023152212537239, 0.024631122959038, 0.020950097698833, 0.014545586415899, 0.0077264897356088, 0.0012119755614218, 0.0029546957301678, 0.01673520672605, 0.024631122959038, 0.025716089086273, 0.021265282161414, 0.014224665944287, 0.0072651871243889, 0.0011133618254415, 0.0025693059840113, 0.014461515764887, 0.020950097698833, 0.021265282161414, 0.016814475236554, 0.010543640684082, 0.0049914961632264, 0.00072797207928491, 0.0018337627643238, 0.010242508584603, 0.014545586415899, 0.014224665944287, 0.010543640684082, 0.0059389602945603, 0.0024103599524881, 0.00031089360145101, 0.0010009672927876, 0.0055495339170178, 0.0077264897356088, 0.0072651871243889, 0.0049914961632264, 0.0024103599524881, 0.0007117823960376, 6.0323421611215e-05, 0.00015943877551021, 0.00088032044956516, 0.0012119755614218, 0.0011133618254415, 0.00072797207928491, 0.00031089360145101, 6.0323421611215e-05, 0},
{0, 0, 0, 0, 0, 0, 0, 0, 0.064129925745196, 0.062073602057154, 0.057583866483579, 0.051453030134551, 0.044741858483244, 0.038611022134216, 0.03412128656064, 0.032064962872598, 0.20414990928343, 0.19760385002181, 0.18331131655321, 0.16379453604954, 0.1424303278756, 0.12291354737193, 0.10862101390333, 0.10207495464171, 0.39535039104876, 0.38267349543811, 0.35499501781487, 0.31719942519756, 0.27582616137558, 0.23803056875827, 0.21035209113503, 0.19767519552438, 0.60464960895124, 0.58526154168929, 0.54293002754341, 0.48512537927806, 0.4218490341488, 0.36404438588345, 0.32171287173757, 0.30232480447562, 0.79585009071657, 0.77033118710559, 0.71461372880507, 0.63853026842608, 0.55524486764878, 0.47916140726978, 0.42344394896927, 0.39792504535829, 0.9358700742548, 0.90586143507025, 0.84034117887471, 0.75087177434107, 0.65293333704114, 0.5634639325075, 0.49794367631196, 0.4679350371274, 1, 0.9679350371274, 0.89792504535829, 0.80232480447562, 0.69767519552438, 0.60207495464171, 0.5320649628726, 0.5},
{0, 0.064129925745196, 0.20414990928343, 0.39535039104876, 0.60464960895124, 0.79585009071657, 0.9358700742548, 1, 0, 0.062073602057154, 0.19760385002181, 0.38267349543811, 0.58526154168929, 0.77033118710559, 0.90586143507025, 0.9679350371274, 0, 0.057583866483579, 0.18331131655321, 0.35499501781487, 0.54293002754341, 0.71461372880507, 0.84034117887471, 0.89792504535829, 0, 0.051453030134551, 0.16379453604954, 0.31719942519756, 0.48512537927806, 0.63853026842608, 0.75087177434107, 0.80232480447562, 0, 0.044741858483244, 0.1424303278756, 0.27582616137558, 0.4218490341488, 0.55524486764878, 0.65293333704114, 0.69767519552438, 0, 0.038611022134216, 0.12291354737193, 0.23803056875827, 0.36404438588345, 0.47916140726978, 0.5634639325075, 0.60207495464171, 0, 0.03412128656064, 0.10862101390333, 0.21035209113503, 0.32171287173757, 0.42344394896927, 0.49794367631196, 0.5320649628726, 0, 0.032064962872598, 0.10207495464171, 0.19767519552438, 0.30232480447562, 0.39792504535829, 0.4679350371274, 0.5}};

const double tri_gaussLobatto::Gauss13[3][81] = {{0.0001929012345679, 0.0011204719782123, 0.0017526562270836, 0.0020227079430916, 0.0019349962207105, 0.0015859223795443, 0.0011071220281265, 0.00060343803804614, 9.6450617283952e-05, 0.0011204719782123, 0.0065039912164798, 0.010157377898307, 0.011691762049812, 0.01114317491698, 0.0090894665983157, 0.0063113929346813, 0.0034235893372677, 0.00054583530612614, 0.0017526562270836, 0.010157377898307, 0.01580150668549, 0.018072332628459, 0.017066464056308, 0.013755408963282, 0.0094214380826558, 0.0050473279372318, 0.00079939680868024, 0.0020227079430916, 0.011691762049812, 0.018072332628459, 0.020448928158066, 0.01900904522879, 0.015001589151875, 0.010021600380691, 0.0052436113212983, 0.00081983116887962, 0.0019349962207105, 0.01114317491698, 0.017066464056308, 0.01900904522879, 0.017253321404147, 0.013167172026212, 0.0084326417577661, 0.0042280042429537, 0.00064499874023684, 0.0015859223795443, 0.0090894665983157, 0.013755408963282, 0.015001589151875, 0.013167172026212, 0.009554250145684, 0.0057046767155133, 0.0026413158698016, 0.00038304560533235, 0.0011071220281265, 0.0063113929346813, 0.0094214380826558, 0.010021600380691, 0.0084326417577661, 0.0057046767155133, 0.0030413694798213, 0.0012013429736059, 0.00015386260972311, 0.00060343803804614, 0.0034235893372677, 0.0050473279372318, 0.0052436113212983, 0.0042280042429537, 0.0026413158698016, 0.0012013429736059, 0.00034318745805567, 2.8801365960001e-05, 9.6450617283952e-05, 0.00054583530612614, 0.00079939680868024, 0.00081983116887962, 0.00064499874023684, 0.00038304560533235, 0.00015386260972311, 2.8801365960001e-05, 0},
{0, 0, 0, 0, 0, 0, 0, 0, 0, 0.05012100229427, 0.048864944858779, 0.046076065487954, 0.042140704530083, 0.037590751720703, 0.033040798911322, 0.029105437953451, 0.026316558582626, 0.025060501147135, 0.16140686024463, 0.15736192343832, 0.14838077297762, 0.13570755761752, 0.12105514518347, 0.10640273274943, 0.09372951738933, 0.084748366928632, 0.080703430122316, 0.31844126808691, 0.31046097032272, 0.2927419654598, 0.26773884747651, 0.23883095106518, 0.20992305465386, 0.18491993667057, 0.16720093180764, 0.15922063404346, 0.5, 0.48746974942643, 0.45964828493884, 0.42038968297827, 0.375, 0.32961031702173, 0.29035171506116, 0.26253025057357, 0.25, 0.68155873191309, 0.66447852853014, 0.62655460441789, 0.57304051848003, 0.51116904893482, 0.4492975793896, 0.39578349345175, 0.35785956933949, 0.34077936595654, 0.83859313975537, 0.81757757541455, 0.77091579690007, 0.70507180833903, 0.62894485481653, 0.55281790129403, 0.48697391273299, 0.4403121342185, 0.41929656987768, 0.94987899770573, 0.92607455399409, 0.87322050438973, 0.79863866142646, 0.7124092482793, 0.62617983513213, 0.55159799216886, 0.49874394256451, 0.47493949885287, 1, 0.97493949885287, 0.91929656987768, 0.84077936595654, 0.75, 0.65922063404346, 0.58070343012232, 0.52506050114713, 0.5},
{0, 0.05012100229427, 0.16140686024463, 0.31844126808691, 0.5, 0.68155873191309, 0.83859313975537, 0.94987899770573, 1, 0, 0.048864944858779, 0.15736192343832, 0.31046097032272, 0.48746974942643, 0.66447852853014, 0.81757757541455, 0.92607455399409, 0.97493949885287, 0, 0.046076065487954, 0.14838077297762, 0.2927419654598, 0.45964828493884, 0.62655460441789, 0.77091579690007, 0.87322050438973, 0.91929656987768, 0, 0.042140704530083, 0.13570755761752, 0.26773884747651, 0.42038968297827, 0.57304051848003, 0.70507180833903, 0.79863866142646, 0.84077936595654, 0, 0.037590751720703, 0.12105514518347, 0.23883095106518, 0.375, 0.51116904893482, 0.62894485481653, 0.7124092482793, 0.75, 0, 0.033040798911322, 0.10640273274943, 0.20992305465386, 0.32961031702173, 0.4492975793896, 0.55281790129403, 0.62617983513213, 0.65922063404346, 0, 0.029105437953451, 0.09372951738933, 0.18491993667057, 0.29035171506116, 0.39578349345175, 0.48697391273299, 0.55159799216886, 0.58070343012232, 0, 0.026316558582626, 0.084748366928632, 0.16720093180764, 0.26253025057357, 0.35785956933949, 0.4403121342185, 0.49874394256451, 0.52506050114713, 0, 0.025060501147135, 0.080703430122316, 0.15922063404346, 0.25, 0.34077936595654, 0.41929656987768, 0.47493949885287, 0.5}};

const double tri_gaussLobatto::Gauss14[3][81] = {{0.0001929012345679, 0.0011204719782123, 0.0017526562270836, 0.0020227079430916, 0.0019349962207105, 0.0015859223795443, 0.0011071220281265, 0.00060343803804614, 9.6450617283952e-05, 0.0011204719782123, 0.0065039912164798, 0.010157377898307, 0.011691762049812, 0.01114317491698, 0.0090894665983157, 0.0063113929346813, 0.0034235893372677, 0.00054583530612614, 0.0017526562270836, 0.010157377898307, 0.01580150668549, 0.018072332628459, 0.017066464056308, 0.013755408963282, 0.0094214380826558, 0.0050473279372318, 0.00079939680868024, 0.0020227079430916, 0.011691762049812, 0.018072332628459, 0.020448928158066, 0.01900904522879, 0.015001589151875, 0.010021600380691, 0.0052436113212983, 0.00081983116887962, 0.0019349962207105, 0.01114317491698, 0.017066464056308, 0.01900904522879, 0.017253321404147, 0.013167172026212, 0.0084326417577661, 0.0042280042429537, 0.00064499874023684, 0.0015859223795443, 0.0090894665983157, 0.013755408963282, 0.015001589151875, 0.013167172026212, 0.009554250145684, 0.0057046767155133, 0.0026413158698016, 0.00038304560533235, 0.0011071220281265, 0.0063113929346813, 0.0094214380826558, 0.010021600380691, 0.0084326417577661, 0.0057046767155133, 0.0030413694798213, 0.0012013429736059, 0.00015386260972311, 0.00060343803804614, 0.0034235893372677, 0.0050473279372318, 0.0052436113212983, 0.0042280042429537, 0.0026413158698016, 0.0012013429736059, 0.00034318745805567, 2.8801365960001e-05, 9.6450617283952e-05, 0.00054583530612614, 0.00079939680868024, 0.00081983116887962, 0.00064499874023684, 0.00038304560533235, 0.00015386260972311, 2.8801365960001e-05, 0},
{0, 0, 0, 0, 0, 0, 0, 0, 0, 0.05012100229427, 0.048864944858779, 0.046076065487954, 0.042140704530083, 0.037590751720703, 0.033040798911322, 0.029105437953451, 0.026316558582626, 0.025060501147135, 0.16140686024463, 0.15736192343832, 0.14838077297762, 0.13570755761752, 0.12105514518347, 0.10640273274943, 0.09372951738933, 0.084748366928632, 0.080703430122316, 0.31844126808691, 0.31046097032272, 0.2927419654598, 0.26773884747651, 0.23883095106518, 0.20992305465386, 0.18491993667057, 0.16720093180764, 0.15922063404346, 0.5, 0.48746974942643, 0.45964828493884, 0.42038968297827, 0.375, 0.32961031702173, 0.29035171506116, 0.26253025057357, 0.25, 0.68155873191309, 0.66447852853014, 0.62655460441789, 0.57304051848003, 0.51116904893482, 0.4492975793896, 0.39578349345175, 0.35785956933949, 0.34077936595654, 0.83859313975537, 0.81757757541455, 0.77091579690007, 0.70507180833903, 0.62894485481653, 0.55281790129403, 0.48697391273299, 0.4403121342185, 0.41929656987768, 0.94987899770573, 0.92607455399409, 0.87322050438973, 0.79863866142646, 0.7124092482793, 0.62617983513213, 0.55159799216886, 0.49874394256451, 0.47493949885287, 1, 0.97493949885287, 0.91929656987768, 0.84077936595654, 0.75, 0.65922063404346, 0.58070343012232, 0.52506050114713, 0.5},
{0, 0.05012100229427, 0.16140686024463, 0.31844126808691, 0.5, 0.68155873191309, 0.83859313975537, 0.94987899770573, 1, 0, 0.048864944858779, 0.15736192343832, 0.31046097032272, 0.48746974942643, 0.66447852853014, 0.81757757541455, 0.92607455399409, 0.97493949885287, 0, 0.046076065487954, 0.14838077297762, 0.2927419654598, 0.45964828493884, 0.62655460441789, 0.77091579690007, 0.87322050438973, 0.91929656987768, 0, 0.042140704530083, 0.13570755761752, 0.26773884747651, 0.42038968297827, 0.57304051848003, 0.70507180833903, 0.79863866142646, 0.84077936595654, 0, 0.037590751720703, 0.12105514518347, 0.23883095106518, 0.375, 0.51116904893482, 0.62894485481653, 0.7124092482793, 0.75, 0, 0.033040798911322, 0.10640273274943, 0.20992305465386, 0.32961031702173, 0.4492975793896, 0.55281790129403, 0.62617983513213, 0.65922063404346, 0, 0.029105437953451, 0.09372951738933, 0.18491993667057, 0.29035171506116, 0.39578349345175, 0.48697391273299, 0.55159799216886, 0.58070343012232, 0, 0.026316558582626, 0.084748366928632, 0.16720093180764, 0.26253025057357, 0.35785956933949, 0.4403121342185, 0.49874394256451, 0.52506050114713, 0, 0.025060501147135, 0.080703430122316, 0.15922063404346, 0.25, 0.34077936595654, 0.41929656987768, 0.47493949885287, 0.5}};

const double tri_gaussLobatto::Gauss15[3][100] = {{0.00012345679012345, 0.0007256907656979, 0.0011677922147866, 0.0014106979666377, 0.0014399371026034, 0.0012895609072624, 0.0010229910640263, 0.00070628563573939, 0.00038519249139433, 6.1728395061727e-05, 0.0007256907656979, 0.0042638815923585, 0.00685454762738, 0.0082666627739783, 0.0084182639022764, 0.0075161917548606, 0.0059408983974195, 0.0040860759961918, 0.0022213108995982, 0.00035539634666716, 0.0011677922147866, 0.00685454762738, 0.010992358013087, 0.013204003201138, 0.013369569736178, 0.011847759572729, 0.0092804014402655, 0.0063219020216982, 0.0034086981477007, 0.00054309959794463, 0.0014106979666377, 0.0082666627739783, 0.013204003201138, 0.015756329530744, 0.015802326972135, 0.013826094927933, 0.010661116136354, 0.0071389203065029, 0.003791861432262, 0.00059946828974972, 0.0014399371026034, 0.0084182639022764, 0.013369569736178, 0.015802326972135, 0.015626725134489, 0.013410286894551, 0.010087802789054, 0.006567290775311, 0.0033995613470749, 0.00053010443264815, 0.0012895609072624, 0.0075161917548606, 0.011847759572729, 0.013826094927933, 0.013410286894551, 0.011193848654612, 0.0081115707448517, 0.005045480611862, 0.0024974891996592, 0.00037972823730711, 0.0010229910640263, 0.0059408983974195, 0.0092804014402655, 0.010661116136354, 0.010087802789054, 0.0081115707448517, 0.0055659027419637, 0.00321531854563, 0.0014660970557032, 0.00021176138713828, 0.00070628563573939, 0.0040860759961918, 0.0063219020216982, 0.0071389203065029, 0.006567290775311, 0.005045480611862, 0.00321531854563, 0.0016514460303099, 0.00064022651651259, 8.1593018897383e-05, 0.00038519249139433, 0.0022213108995982, 0.0034086981477007, 0.003791861432262, 0.0033995613470749, 0.0024974891996592, 0.0014660970557032, 0.00064022651651259, 0.00017874020683791, 1.4898072363588e-05, 6.1728395061727e-05, 0.00035539634666716, 0.00054309959794463, 0.00059946828974972, 0.00053010443264815, 0.00037972823730711, 0.00021176138713828, 8.1593018897383e-05, 1.4898072363588e-05, 0},
{0, 0, 0, 0, 0, 0, 0, 0, 0, 0, 0.040233045916771, 0.0394236969249, 0.037605565146803, 0.034981878550201, 0.031837203410795, 0.028512365464361, 0.025367690324954, 0.022744003728353, 0.020925871950256, 0.020116522958385, 0.13061306744725, 0.12798558667728, 0.12208318075326, 0.11356561151151, 0.10335669849676, 0.092562902674113, 0.082353989659357, 0.073836420417613, 0.067934014493591, 0.065306533723624, 0.26103752509478, 0.25578635772821, 0.24399006915904, 0.22696723034097, 0.20656414633595, 0.18499214130621, 0.16458905730119, 0.14756621848312, 0.13576992991396, 0.13051876254739, 0.41736052116681, 0.40896467866083, 0.39010415221632, 0.36288714240798, 0.33026561885249, 0.29577516289772, 0.26315363934223, 0.23593662953389, 0.21707610308938, 0.2086802605834, 0.58263947883319, 0.57091879838078, 0.54458931406006, 0.50659409504463, 0.4610541205641, 0.41290509768569, 0.36736512320516, 0.32936990418973, 0.30304041986901, 0.2913197394166, 0.73896247490522, 0.72409711931341, 0.69070339711733, 0.64251400711164, 0.58475559308064, 0.52368811927719, 0.4659297052462, 0.4177403152405, 0.38434659304443, 0.36948123745261, 0.86938693255275, 0.85189789036433, 0.81261028552312, 0.7559156259411, 0.68796304091984, 0.61611735790929, 0.54816477288803, 0.49147011330601, 0.45218250846479, 0.43469346627638, 0.95976695408323, 0.94045978011671, 0.89708790112957, 0.83449935890241, 0.7594825360058, 0.68016789511904, 0.60515107222243, 0.54256252999527, 0.49919065100813, 0.47988347704161, 1, 0.97988347704161, 0.93469346627638, 0.86948123745261, 0.7913197394166, 0.7086802605834, 0.63051876254739, 0.56530653372362, 0.52011652295839, 0.5},
{0, 0.040233045916771, 0.13061306744725, 0.26103752509478, 0.41736052116681, 0.58263947883319, 0.73896247490522, 0.86938693255275, 0.95976695408323, 1, 0, 0.0394236969249, 0.12798558667728, 0.25578635772821, 0.40896467866083, 0.57091879838078, 0.72409711931341, 0.85189789036433, 0.94045978011671, 0.97988347704161, 0, 0.037605565146803, 0.12208318075326, 0.24399006915904, 0.39010415221632, 0.54458931406006, 0.69070339711733, 0.81261028552312, 0.89708790112957, 0.93469346627638, 0, 0.034981878550201, 0.11356561151151, 0.22696723034097, 0.36288714240798, 0.50659409504463, 0.64251400711164, 0.7559156259411, 0.83449935890241, 0.86948123745261, 0, 0.031837203410795, 0.10335669849676, 0.20656414633595, 0.33026561885249, 0.4610541205641, 0.58475559308064, 0.68796304091984, 0.7594825360058, 0.7913197394166, 0, 0.028512365464361, 0.092562902674113, 0.18499214130621, 0.29577516289772, 0.41290509768569, 0.52368811927719, 0.61611735790929, 0.68016789511904, 0.7086802605834, 0, 0.025367690324954, 0.082353989659357, 0.16458905730119, 0.26315363934223, 0.36736512320516, 0.4659297052462, 0.54816477288803, 0.60515107222243, 0.63051876254739, 0, 0.022744003728353, 0.073836420417613, 0.14756621848312, 0.23593662953389, 0.32936990418973, 0.4177403152405, 0.49147011330601, 0.54256252999527, 0.56530653372362, 0, 0.020925871950256, 0.067934014493591, 0.13576992991396, 0.21707610308938, 0.30304041986901, 0.38434659304443, 0.45218250846479, 0.49919065100813, 0.52011652295839, 0, 0.020116522958385, 0.065306533723624, 0.13051876254739, 0.2086802605834, 0.2913197394166, 0.36948123745261, 0.43469346627638, 0.47988347704161, 0.5}};

const double tri_gaussLobatto::Gauss16[3][100] = {{0.00012345679012345, 0.0007256907656979, 0.0011677922147866, 0.0014106979666377, 0.0014399371026034, 0.0012895609072624, 0.0010229910640263, 0.00070628563573939, 0.00038519249139433, 6.1728395061727e-05, 0.0007256907656979, 0.0042638815923585, 0.00685454762738, 0.0082666627739783, 0.0084182639022764, 0.0075161917548606, 0.0059408983974195, 0.0040860759961918, 0.0022213108995982, 0.00035539634666716, 0.0011677922147866, 0.00685454762738, 0.010992358013087, 0.013204003201138, 0.013369569736178, 0.011847759572729, 0.0092804014402655, 0.0063219020216982, 0.0034086981477007, 0.00054309959794463, 0.0014106979666377, 0.0082666627739783, 0.013204003201138, 0.015756329530744, 0.015802326972135, 0.013826094927933, 0.010661116136354, 0.0071389203065029, 0.003791861432262, 0.00059946828974972, 0.0014399371026034, 0.0084182639022764, 0.013369569736178, 0.015802326972135, 0.015626725134489, 0.013410286894551, 0.010087802789054, 0.006567290775311, 0.0033995613470749, 0.00053010443264815, 0.0012895609072624, 0.0075161917548606, 0.011847759572729, 0.013826094927933, 0.013410286894551, 0.011193848654612, 0.0081115707448517, 0.005045480611862, 0.0024974891996592, 0.00037972823730711, 0.0010229910640263, 0.0059408983974195, 0.0092804014402655, 0.010661116136354, 0.010087802789054, 0.0081115707448517, 0.0055659027419637, 0.00321531854563, 0.0014660970557032, 0.00021176138713828, 0.00070628563573939, 0.0040860759961918, 0.0063219020216982, 0.0071389203065029, 0.006567290775311, 0.005045480611862, 0.00321531854563, 0.0016514460303099, 0.00064022651651259, 8.1593018897383e-05, 0.00038519249139433, 0.0022213108995982, 0.0034086981477007, 0.003791861432262, 0.0033995613470749, 0.0024974891996592, 0.0014660970557032, 0.00064022651651259, 0.00017874020683791, 1.4898072363588e-05, 6.1728395061727e-05, 0.00035539634666716, 0.00054309959794463, 0.00059946828974972, 0.00053010443264815, 0.00037972823730711, 0.00021176138713828, 8.1593018897383e-05, 1.4898072363588e-05, 0},
{0, 0, 0, 0, 0, 0, 0, 0, 0, 0, 0.040233045916771, 0.0394236969249, 0.037605565146803, 0.034981878550201, 0.031837203410795, 0.028512365464361, 0.025367690324954, 0.022744003728353, 0.020925871950256, 0.020116522958385, 0.13061306744725, 0.12798558667728, 0.12208318075326, 0.11356561151151, 0.10335669849676, 0.092562902674113, 0.082353989659357, 0.073836420417613, 0.067934014493591, 0.065306533723624, 0.26103752509478, 0.25578635772821, 0.24399006915904, 0.22696723034097, 0.20656414633595, 0.18499214130621, 0.16458905730119, 0.14756621848312, 0.13576992991396, 0.13051876254739, 0.41736052116681, 0.40896467866083, 0.39010415221632, 0.36288714240798, 0.33026561885249, 0.29577516289772, 0.26315363934223, 0.23593662953389, 0.21707610308938, 0.2086802605834, 0.58263947883319, 0.57091879838078, 0.54458931406006, 0.50659409504463, 0.4610541205641, 0.41290509768569, 0.36736512320516, 0.32936990418973, 0.30304041986901, 0.2913197394166, 0.73896247490522, 0.72409711931341, 0.69070339711733, 0.64251400711164, 0.58475559308064, 0.52368811927719, 0.4659297052462, 0.4177403152405, 0.38434659304443, 0.36948123745261, 0.86938693255275, 0.85189789036433, 0.81261028552312, 0.7559156259411, 0.68796304091984, 0.61611735790929, 0.54816477288803, 0.49147011330601, 0.45218250846479, 0.43469346627638, 0.95976695408323, 0.94045978011671, 0.89708790112957, 0.83449935890241, 0.7594825360058, 0.68016789511904, 0.60515107222243, 0.54256252999527, 0.49919065100813, 0.47988347704161, 1, 0.97988347704161, 0.93469346627638, 0.86948123745261, 0.7913197394166, 0.7086802605834, 0.63051876254739, 0.56530653372362, 0.52011652295839, 0.5},
{0, 0.040233045916771, 0.13061306744725, 0.26103752509478, 0.41736052116681, 0.58263947883319, 0.73896247490522, 0.86938693255275, 0.95976695408323, 1, 0, 0.0394236969249, 0.12798558667728, 0.25578635772821, 0.40896467866083, 0.57091879838078, 0.72409711931341, 0.85189789036433, 0.94045978011671, 0.97988347704161, 0, 0.037605565146803, 0.12208318075326, 0.24399006915904, 0.39010415221632, 0.54458931406006, 0.69070339711733, 0.81261028552312, 0.89708790112957, 0.93469346627638, 0, 0.034981878550201, 0.11356561151151, 0.22696723034097, 0.36288714240798, 0.50659409504463, 0.64251400711164, 0.7559156259411, 0.83449935890241, 0.86948123745261, 0, 0.031837203410795, 0.10335669849676, 0.20656414633595, 0.33026561885249, 0.4610541205641, 0.58475559308064, 0.68796304091984, 0.7594825360058, 0.7913197394166, 0, 0.028512365464361, 0.092562902674113, 0.18499214130621, 0.29577516289772, 0.41290509768569, 0.52368811927719, 0.61611735790929, 0.68016789511904, 0.7086802605834, 0, 0.025367690324954, 0.082353989659357, 0.16458905730119, 0.26315363934223, 0.36736512320516, 0.4659297052462, 0.54816477288803, 0.60515107222243, 0.63051876254739, 0, 0.022744003728353, 0.073836420417613, 0.14756621848312, 0.23593662953389, 0.32936990418973, 0.4177403152405, 0.49147011330601, 0.54256252999527, 0.56530653372362, 0, 0.020925871950256, 0.067934014493591, 0.13576992991396, 0.21707610308938, 0.30304041986901, 0.38434659304443, 0.45218250846479, 0.49919065100813, 0.52011652295839, 0, 0.020116522958385, 0.065306533723624, 0.13051876254739, 0.2086802605834, 0.2913197394166, 0.36948123745261, 0.43469346627638, 0.47988347704161, 0.5}};

