/*=========================================================================

Program: FEMUS
Module: Gauss
Authors: Eugenio Aulisa, Giorgio Bornia, Erdi Kara

Copyright (c) FEMTTU
All rights reserved.

This software is distributed WITHOUT ANY WARRANTY; without even
the implied warranty of MERCHANTABILITY or FITNESS FOR A PARTICULAR
PURPOSE.  See the above copyright notice for more information.

=========================================================================*/

#include "TriGaussLegendrePoints.hpp"
#include <iostream>
#include <stdlib.h>
#include <string.h>

namespace femus {
const unsigned tri_gaussLegendre::GaussPoints[38] = {1, 1, 4, 4, 7, 7, 13, 13, 19, 19, 28, 28, 37, 37, 64, 81, 81, 100, 100, 121, 121, 144, 144, 169, 169, 196, 196, 225, 225, 256, 256, 289, 289, 324, 324, 361, 361, 400};

const double * tri_gaussLegendre::Gauss[38] = {Gauss0[0], Gauss1[0], Gauss2[0], Gauss3[0], Gauss4[0], Gauss5[0], Gauss6[0], Gauss7[0], Gauss8[0], Gauss9[0], Gauss10[0], Gauss11[0], Gauss12[0], Gauss13[0], Gauss14[0], Gauss15[0], Gauss16[0], Gauss17[0], Gauss18[0], Gauss19[0], Gauss20[0], Gauss21[0], Gauss22[0], Gauss23[0], Gauss24[0], Gauss25[0], Gauss26[0], Gauss27[0], Gauss28[0], Gauss29[0], Gauss30[0], Gauss31[0], Gauss32[0], Gauss33[0], Gauss34[0], Gauss35[0], Gauss36[0], Gauss37[0]};

const double tri_gaussLegendre::Gauss0[3][1] = {{0.5},
{0.33333333333333},
{0.33333333333333}};

const double tri_gaussLegendre::Gauss1[3][1] = {{0.5},
{0.33333333333333},
{0.33333333333333}};

const double tri_gaussLegendre::Gauss2[3][4] = {{-0.28125, 0.26041666666667, 0.26041666666667, 0.26041666666667},
{0.33333333333333, 0.6, 0.2, 0.2},
{0.33333333333333, 0.2, 0.6, 0.2}};

const double tri_gaussLegendre::Gauss3[3][4] = {{-0.28125, 0.26041666666667, 0.26041666666667, 0.26041666666667},
{0.33333333333333, 0.6, 0.2, 0.2},
{0.33333333333333, 0.2, 0.6, 0.2}};

const double tri_gaussLegendre::Gauss4[3][7] = {{0.1125, 0.062969590272414, 0.062969590272414, 0.062969590272414, 0.066197076394253, 0.066197076394253, 0.066197076394253},
{0.33333333333333, 0.79742698535309, 0.10128650732346, 0.10128650732346, 0.05971587178977, 0.47014206410511, 0.47014206410511},
{0.33333333333333, 0.10128650732346, 0.79742698535309, 0.10128650732346, 0.47014206410511, 0.05971587178977, 0.47014206410511}};

const double tri_gaussLegendre::Gauss5[3][7] = {{0.1125, 0.062969590272414, 0.062969590272414, 0.062969590272414, 0.066197076394253, 0.066197076394253, 0.066197076394253},
{0.33333333333333, 0.79742698535309, 0.10128650732346, 0.10128650732346, 0.05971587178977, 0.47014206410511, 0.47014206410511},
{0.33333333333333, 0.10128650732346, 0.79742698535309, 0.10128650732346, 0.47014206410511, 0.05971587178977, 0.47014206410511}};

const double tri_gaussLegendre::Gauss6[3][13] = {{-0.074785022233835, 0.087807628716602, 0.087807628716602, 0.087807628716602, 0.026673617804419, 0.026673617804419, 0.026673617804419, 0.038556880445128, 0.038556880445128, 0.038556880445128, 0.038556880445128, 0.038556880445128, 0.038556880445128},
{0.33333333333333, 0.47930806784192, 0.26034596607904, 0.26034596607904, 0.86973979419557, 0.065130102902216, 0.065130102902216, 0.63844418856981, 0.63844418856981, 0.048690315425316, 0.048690315425316, 0.31286549600488, 0.31286549600488},
{0.33333333333333, 0.26034596607904, 0.47930806784192, 0.26034596607904, 0.065130102902216, 0.86973979419557, 0.065130102902216, 0.048690315425316, 0.31286549600488, 0.63844418856981, 0.31286549600488, 0.63844418856981, 0.048690315425316}};

const double tri_gaussLegendre::Gauss7[3][13] = {{-0.074785022233835, 0.087807628716602, 0.087807628716602, 0.087807628716602, 0.026673617804419, 0.026673617804419, 0.026673617804419, 0.038556880445128, 0.038556880445128, 0.038556880445128, 0.038556880445128, 0.038556880445128, 0.038556880445128},
{0.33333333333333, 0.47930806784192, 0.26034596607904, 0.26034596607904, 0.86973979419557, 0.065130102902216, 0.065130102902216, 0.63844418856981, 0.63844418856981, 0.048690315425316, 0.048690315425316, 0.31286549600488, 0.31286549600488},
{0.33333333333333, 0.26034596607904, 0.47930806784192, 0.26034596607904, 0.065130102902216, 0.86973979419557, 0.065130102902216, 0.048690315425316, 0.31286549600488, 0.63844418856981, 0.31286549600488, 0.63844418856981, 0.048690315425316}};

const double tri_gaussLegendre::Gauss8[3][19] = {{0.048567898141398, 0.01566735011357, 0.01566735011357, 0.01566735011357, 0.038913770502388, 0.038913770502388, 0.038913770502388, 0.039823869463605, 0.039823869463605, 0.039823869463605, 0.012788837829349, 0.012788837829349, 0.012788837829349, 0.021641769688645, 0.021641769688645, 0.021641769688645, 0.021641769688645, 0.021641769688645, 0.021641769688645},
{0.33333333333333, 0.020634961602526, 0.48968251919874, 0.48968251919874, 0.12582081701413, 0.43708959149294, 0.43708959149294, 0.62359292876194, 0.18820353561903, 0.18820353561903, 0.91054097321109, 0.044729513394453, 0.044729513394453, 0.7411985987845, 0.7411985987845, 0.036838412054736, 0.036838412054736, 0.22196298916077, 0.22196298916077},
{0.33333333333333, 0.48968251919874, 0.020634961602526, 0.48968251919874, 0.43708959149294, 0.12582081701413, 0.43708959149294, 0.18820353561903, 0.62359292876194, 0.18820353561903, 0.044729513394453, 0.91054097321109, 0.044729513394453, 0.036838412054736, 0.22196298916077, 0.7411985987845, 0.22196298916077, 0.7411985987845, 0.036838412054736}};

const double tri_gaussLegendre::Gauss9[3][19] = {{0.048567898141398, 0.01566735011357, 0.01566735011357, 0.01566735011357, 0.038913770502388, 0.038913770502388, 0.038913770502388, 0.039823869463605, 0.039823869463605, 0.039823869463605, 0.012788837829349, 0.012788837829349, 0.012788837829349, 0.021641769688645, 0.021641769688645, 0.021641769688645, 0.021641769688645, 0.021641769688645, 0.021641769688645},
{0.33333333333333, 0.020634961602526, 0.48968251919874, 0.48968251919874, 0.12582081701413, 0.43708959149294, 0.43708959149294, 0.62359292876194, 0.18820353561903, 0.18820353561903, 0.91054097321109, 0.044729513394453, 0.044729513394453, 0.7411985987845, 0.7411985987845, 0.036838412054736, 0.036838412054736, 0.22196298916077, 0.22196298916077},
{0.33333333333333, 0.48968251919874, 0.020634961602526, 0.48968251919874, 0.43708959149294, 0.12582081701413, 0.43708959149294, 0.18820353561903, 0.62359292876194, 0.18820353561903, 0.044729513394453, 0.91054097321109, 0.044729513394453, 0.036838412054736, 0.22196298916077, 0.7411985987845, 0.22196298916077, 0.7411985987845, 0.036838412054736}};

const double tri_gaussLegendre::Gauss10[3][28] = {{0.043988650581111, 0.0043721557768681, 0.0043721557768681, 0.0043721557768681, 0.019040785996968, 0.019040785996968, 0.019040785996968, 0.0094277240280656, 0.0094277240280656, 0.0094277240280656, 0.03607984877237, 0.03607984877237, 0.03607984877237, 0.034664569352769, 0.034664569352769, 0.034664569352769, 0.020528157714644, 0.020528157714644, 0.020528157714644, 0.020528157714644, 0.020528157714644, 0.020528157714644, 0.0036811918916503, 0.0036811918916503, 0.0036811918916503, 0.0036811918916503, 0.0036811918916503, 0.0036811918916503},
{0.33333333333333, 0.94802171814342, 0.025989140928288, 0.025989140928288, 0.81142499470415, 0.094287502647923, 0.094287502647923, 0.010726449965571, 0.49463677501721, 0.49463677501721, 0.58531323477097, 0.20734338261451, 0.20734338261451, 0.12218438859902, 0.43890780570049, 0.43890780570049, 0.67793765488259, 0.67793765488259, 0.044841677589131, 0.044841677589131, 0.27722066752828, 0.27722066752828, 0.85887028128264, 0.85887028128264, 0, 0, 0.14112971871736, 0.14112971871736},
{0.33333333333333, 0.025989140928288, 0.94802171814342, 0.025989140928288, 0.094287502647923, 0.81142499470415, 0.094287502647923, 0.49463677501721, 0.010726449965571, 0.49463677501721, 0.20734338261451, 0.58531323477097, 0.20734338261451, 0.43890780570049, 0.12218438859902, 0.43890780570049, 0.044841677589131, 0.27722066752828, 0.67793765488259, 0.27722066752828, 0.67793765488259, 0.044841677589131, 0, 0.14112971871736, 0.85887028128264, 0.14112971871736, 0.85887028128264, 0}};

const double tri_gaussLegendre::Gauss11[3][28] = {{0.043988650581111, 0.0043721557768681, 0.0043721557768681, 0.0043721557768681, 0.019040785996968, 0.019040785996968, 0.019040785996968, 0.0094277240280656, 0.0094277240280656, 0.0094277240280656, 0.03607984877237, 0.03607984877237, 0.03607984877237, 0.034664569352769, 0.034664569352769, 0.034664569352769, 0.020528157714644, 0.020528157714644, 0.020528157714644, 0.020528157714644, 0.020528157714644, 0.020528157714644, 0.0036811918916503, 0.0036811918916503, 0.0036811918916503, 0.0036811918916503, 0.0036811918916503, 0.0036811918916503},
{0.33333333333333, 0.94802171814342, 0.025989140928288, 0.025989140928288, 0.81142499470415, 0.094287502647923, 0.094287502647923, 0.010726449965571, 0.49463677501721, 0.49463677501721, 0.58531323477097, 0.20734338261451, 0.20734338261451, 0.12218438859902, 0.43890780570049, 0.43890780570049, 0.67793765488259, 0.67793765488259, 0.044841677589131, 0.044841677589131, 0.27722066752828, 0.27722066752828, 0.85887028128264, 0.85887028128264, 0, 0, 0.14112971871736, 0.14112971871736},
{0.33333333333333, 0.025989140928288, 0.94802171814342, 0.025989140928288, 0.094287502647923, 0.81142499470415, 0.094287502647923, 0.49463677501721, 0.010726449965571, 0.49463677501721, 0.20734338261451, 0.58531323477097, 0.20734338261451, 0.43890780570049, 0.12218438859902, 0.43890780570049, 0.044841677589131, 0.27722066752828, 0.67793765488259, 0.27722066752828, 0.67793765488259, 0.044841677589131, 0, 0.14112971871736, 0.85887028128264, 0.14112971871736, 0.85887028128264, 0}};

const double tri_gaussLegendre::Gauss12[3][37] = {{0.025869883032872, 0.0040038997777824, 0.0040038997777824, 0.0040038997777824, 0.023434449490911, 0.023434449490911, 0.023434449490911, 0.023295470091988, 0.023295470091988, 0.023295470091988, 0.015508471656898, 0.015508471656898, 0.015508471656898, 0.0053958063683156, 0.0053958063683156, 0.0053958063683156, 0.016097767121216, 0.016097767121216, 0.016097767121216, 0.0077229171053508, 0.0077229171053508, 0.0077229171053508, 0.0077229171053508, 0.0077229171053508, 0.0077229171053508, 0.0089114949615893, 0.0089114949615893, 0.0089114949615893, 0.0089114949615893, 0.0089114949615893, 0.0089114949615893, 0.018519341840692, 0.018519341840692, 0.018519341840692, 0.018519341840692, 0.018519341840692, 0.018519341840692},
{0.33333333333333, 0.95027566292411, 0.024862168537947, 0.024862168537947, 0.17161491492384, 0.41419254253808, 0.41419254253808, 0.53941224367719, 0.2302938781614, 0.2302938781614, 0.77216003667653, 0.11391998166173, 0.11391998166173, 0.0090853999498354, 0.49545730002508, 0.49545730002508, 0.062277290305887, 0.46886135484706, 0.46886135484706, 0.022076289653624, 0.022076289653624, 0.85130650417435, 0.85130650417435, 0.12661720617203, 0.12661720617203, 0.018620522802521, 0.018620522802521, 0.68944197072859, 0.68944197072859, 0.29193750646889, 0.29193750646889, 0.096506481292159, 0.096506481292159, 0.63586785943387, 0.63586785943387, 0.26762565927397, 0.26762565927397},
{0.33333333333333, 0.024862168537947, 0.95027566292411, 0.024862168537947, 0.41419254253808, 0.17161491492384, 0.41419254253808, 0.2302938781614, 0.53941224367719, 0.2302938781614, 0.11391998166173, 0.77216003667653, 0.11391998166173, 0.49545730002508, 0.0090853999498354, 0.49545730002508, 0.46886135484706, 0.062277290305887, 0.46886135484706, 0.85130650417435, 0.12661720617203, 0.022076289653624, 0.12661720617203, 0.022076289653624, 0.85130650417435, 0.68944197072859, 0.29193750646889, 0.018620522802521, 0.29193750646889, 0.018620522802521, 0.68944197072859, 0.63586785943387, 0.26762565927397, 0.096506481292159, 0.26762565927397, 0.096506481292159, 0.63586785943387}};

const double tri_gaussLegendre::Gauss13[3][37] = {{0.025869883032872, 0.0040038997777824, 0.0040038997777824, 0.0040038997777824, 0.023434449490911, 0.023434449490911, 0.023434449490911, 0.023295470091988, 0.023295470091988, 0.023295470091988, 0.015508471656898, 0.015508471656898, 0.015508471656898, 0.0053958063683156, 0.0053958063683156, 0.0053958063683156, 0.016097767121216, 0.016097767121216, 0.016097767121216, 0.0077229171053508, 0.0077229171053508, 0.0077229171053508, 0.0077229171053508, 0.0077229171053508, 0.0077229171053508, 0.0089114949615893, 0.0089114949615893, 0.0089114949615893, 0.0089114949615893, 0.0089114949615893, 0.0089114949615893, 0.018519341840692, 0.018519341840692, 0.018519341840692, 0.018519341840692, 0.018519341840692, 0.018519341840692},
{0.33333333333333, 0.95027566292411, 0.024862168537947, 0.024862168537947, 0.17161491492384, 0.41419254253808, 0.41419254253808, 0.53941224367719, 0.2302938781614, 0.2302938781614, 0.77216003667653, 0.11391998166173, 0.11391998166173, 0.0090853999498354, 0.49545730002508, 0.49545730002508, 0.062277290305887, 0.46886135484706, 0.46886135484706, 0.022076289653624, 0.022076289653624, 0.85130650417435, 0.85130650417435, 0.12661720617203, 0.12661720617203, 0.018620522802521, 0.018620522802521, 0.68944197072859, 0.68944197072859, 0.29193750646889, 0.29193750646889, 0.096506481292159, 0.096506481292159, 0.63586785943387, 0.63586785943387, 0.26762565927397, 0.26762565927397},
{0.33333333333333, 0.024862168537947, 0.95027566292411, 0.024862168537947, 0.41419254253808, 0.17161491492384, 0.41419254253808, 0.2302938781614, 0.53941224367719, 0.2302938781614, 0.11391998166173, 0.77216003667653, 0.11391998166173, 0.49545730002508, 0.0090853999498354, 0.49545730002508, 0.46886135484706, 0.062277290305887, 0.46886135484706, 0.85130650417435, 0.12661720617203, 0.022076289653624, 0.12661720617203, 0.022076289653624, 0.85130650417435, 0.68944197072859, 0.29193750646889, 0.018620522802521, 0.29193750646889, 0.018620522802521, 0.68944197072859, 0.63586785943387, 0.26762565927397, 0.096506481292159, 0.26762565927397, 0.096506481292159, 0.63586785943387}};

const double tri_gaussLegendre::Gauss14[3][64] = {{0.019458554098076, 0.019263517737381, 0.015022316287971, 0.0072136587150712, 0.016442440840705, 0.011789375229093, 0.0069905245344781, 0.0028066546696872, 0.019263517737381, 0.01876631018045, 0.014485287227983, 0.0069184998143926, 0.016654703070389, 0.012301482458494, 0.0075381157059817, 0.0031066214762717, 0.015022316287971, 0.014485287227983, 0.011106391287257, 0.0052858747485816, 0.013172974197308, 0.009902486400324, 0.0061816655605691, 0.0025837023235457, 0.0072136587150712, 0.0069184998143926, 0.0052858747485816, 0.0025109393348632, 0.0063718324622247, 0.0048323946704238, 0.003044124330568, 0.0012809020699365, 0.016442440840705, 0.016654703070389, 0.013172974197308, 0.0063718324622247, 0.013426327583335, 0.0091805605621012, 0.0051411824438148, 0.0019648284168406, 0.011789375229093, 0.012301482458494, 0.009902486400324, 0.0048323946704238, 0.0091805605621012, 0.0058366547365383, 0.0029553148783224, 0.0010205163323029, 0.0069905245344781, 0.0075381157059817, 0.0061816655605691, 0.003044124330568, 0.0051411824438148, 0.0029553148783224, 0.0012569398338814, 0.00034195190553207, 0.0028066546696872, 0.0031066214762717, 0.0025837023235457, 0.0012809020699365, 0.0019648284168406, 0.0010205163323029, 0.00034195190553207, 5.0864805009781e-05},
{0.32493530586765, 0.35985345408706, 0.38752828993175, 0.40422943781147, 0.28748871226061, 0.2525705640412, 0.22489572819651, 0.20819458031679, 0.18880457037672, 0.20909385828686, 0.22517439923624, 0.23487864803065, 0.16704612218603, 0.14675683427589, 0.13067629332652, 0.1209720445321, 0.080912372472766, 0.089607365487589, 0.096498696117264, 0.10065746087309, 0.071587769467013, 0.062892776452191, 0.056001445822516, 0.051842681066689, 0.015801830810527, 0.017499924740046, 0.018845771331136, 0.019657959814109, 0.013980776816321, 0.012282682886802, 0.010936836295712, 0.010124647812739, 0.47092335475626, 0.52152964839202, 0.56163832942165, 0.58584302631291, 0.41665262711547, 0.36604633347972, 0.32593765245009, 0.30173295555882, 0.60705409024719, 0.67228924419222, 0.72399222011717, 0.75519381609373, 0.53709521719006, 0.47186006324502, 0.42015708732008, 0.38895549134351, 0.71494628815115, 0.79177573699149, 0.85266792323614, 0.88941500325129, 0.63255356990907, 0.55572412106873, 0.49483193482408, 0.45808485480893, 0.78005682981339, 0.86388317773904, 0.93032084802227, 0.97041450431028, 0.69016056255977, 0.60633421463412, 0.53989654435088, 0.49980288806288},
{0.32493530586765, 0.18880457037672, 0.080912372472766, 0.015801830810527, 0.47092335475626, 0.60705409024719, 0.71494628815115, 0.78005682981339, 0.35985345408706, 0.20909385828686, 0.089607365487589, 0.017499924740046, 0.52152964839202, 0.67228924419222, 0.79177573699149, 0.86388317773904, 0.38752828993175, 0.22517439923624, 0.096498696117264, 0.018845771331136, 0.56163832942165, 0.72399222011717, 0.85266792323614, 0.93032084802227, 0.40422943781147, 0.23487864803065, 0.10065746087309, 0.019657959814109, 0.58584302631291, 0.75519381609373, 0.88941500325129, 0.97041450431028, 0.28748871226061, 0.16704612218603, 0.071587769467013, 0.013980776816321, 0.41665262711547, 0.53709521719006, 0.63255356990907, 0.69016056255977, 0.2525705640412, 0.14675683427589, 0.062892776452191, 0.012282682886802, 0.36604633347972, 0.47186006324502, 0.55572412106873, 0.60633421463412, 0.22489572819651, 0.13067629332652, 0.056001445822516, 0.010936836295712, 0.32593765245009, 0.42015708732008, 0.49483193482408, 0.53989654435088, 0.20819458031679, 0.1209720445321, 0.051842681066689, 0.010124647812739, 0.30173295555882, 0.38895549134351, 0.45808485480893, 0.49980288806288}};

const double tri_gaussLegendre::Gauss15[3][81] = {{0.013632253948956, 0.014984069204632, 0.014057309956412, 0.010574342645282, 0.0049790890968552, 0.010803255109923, 0.0074586671152216, 0.0043399403722266, 0.0017309113008068, 0.014984069204632, 0.016149385797089, 0.014945348086355, 0.011144926094794, 0.0052237883032395, 0.012195087066929, 0.0087042179101264, 0.0052483020323076, 0.0021515958920774, 0.014057309956412, 0.014945348086355, 0.013697107028185, 0.010149617531045, 0.0047412707896212, 0.011646029406578, 0.0084897418849528, 0.0052296953793356, 0.00217794856697, 0.010574342645282, 0.011144926094794, 0.010149617531045, 0.0074895743459998, 0.003490837435319, 0.0088579292091152, 0.0065400153613134, 0.0040792197453044, 0.0017140130333219, 0.0049790890968552, 0.0052237883032395, 0.0047412707896212, 0.003490837435319, 0.0016250917543561, 0.0041948585186605, 0.0031172951706881, 0.0019565041589576, 0.00082569077544349, 0.010803255109923, 0.012195087066929, 0.011646029406578, 0.0088579292091152, 0.0041948585186605, 0.0082407883367699, 0.0054048992303486, 0.0029613051466291, 0.0011226661074984, 0.0074586671152216, 0.0087042179101264, 0.0084897418849528, 0.0065400153613134, 0.0031172951706881, 0.0054048992303486, 0.0032823767417211, 0.0016200932096039, 0.00055397294803693, 0.0043399403722266, 0.0052483020323076, 0.0052296953793356, 0.0040792197453044, 0.0019565041589576, 0.0029613051466291, 0.0016200932096039, 0.00066886514460888, 0.00017967975696048, 0.0017309113008068, 0.0021515958920774, 0.00217794856697, 0.0017140130333219, 0.00082569077544349, 0.0011226661074984, 0.00055397294803693, 0.00017967975696048, 2.6289796530883e-05},
{0.375, 0.41553167792548, 0.45167142908757, 0.47950388841583, 0.49602002993845, 0.33446832207452, 0.29832857091243, 0.27049611158417, 0.25397997006155, 0.25340496622357, 0.28079410882541, 0.30521542195224, 0.32402311106156, 0.33518383715405, 0.22601582362173, 0.20159451049491, 0.18278682138558, 0.17162609529309, 0.14498571273728, 0.16065641730385, 0.17462907751821, 0.18538990139271, 0.19177551352691, 0.12931500817071, 0.11534234795635, 0.10458152408185, 0.098195911947643, 0.061488334752512, 0.068134269100145, 0.074060064079685, 0.078623721616116, 0.081331855052817, 0.054842400404878, 0.048916605425338, 0.044352947888907, 0.041644814452206, 0.01193991018464, 0.013230429102141, 0.014381110123397, 0.015267288962322, 0.015793158952661, 0.010649391267139, 0.0094987102458839, 0.0086125314069585, 0.00808666141662, 0.49659503377643, 0.55026924702554, 0.59812743622291, 0.6349846657701, 0.65685622272286, 0.44292082052732, 0.39506263132995, 0.35820540178276, 0.33633384483, 0.60501428726272, 0.67040693854711, 0.72871378065694, 0.77361787543895, 0.80026454634999, 0.53962163597834, 0.4813147938685, 0.43641069908649, 0.40976402817545, 0.68851166524749, 0.76292908675081, 0.82928279409546, 0.88038405521554, 0.91070820482409, 0.61409424374417, 0.54774053639951, 0.49663927527943, 0.46631512567089, 0.73806008981536, 0.81783292674881, 0.88896174805175, 0.94374048786934, 0.97624690092425, 0.65828725288191, 0.58715843157897, 0.53237969176138, 0.49987327870647},
{0.375, 0.25340496622357, 0.14498571273728, 0.061488334752512, 0.01193991018464, 0.49659503377643, 0.60501428726272, 0.68851166524749, 0.73806008981536, 0.41553167792548, 0.28079410882541, 0.16065641730385, 0.068134269100145, 0.013230429102141, 0.55026924702554, 0.67040693854711, 0.76292908675081, 0.81783292674881, 0.45167142908757, 0.30521542195224, 0.17462907751821, 0.074060064079685, 0.014381110123397, 0.59812743622291, 0.72871378065694, 0.82928279409546, 0.88896174805175, 0.47950388841583, 0.32402311106156, 0.18538990139271, 0.078623721616116, 0.015267288962322, 0.6349846657701, 0.77361787543895, 0.88038405521554, 0.94374048786934, 0.49602002993845, 0.33518383715405, 0.19177551352691, 0.081331855052817, 0.015793158952661, 0.65685622272286, 0.80026454634999, 0.91070820482409, 0.97624690092425, 0.33446832207452, 0.22601582362173, 0.12931500817071, 0.054842400404878, 0.010649391267139, 0.44292082052732, 0.53962163597834, 0.61409424374417, 0.65828725288191, 0.29832857091243, 0.20159451049491, 0.11534234795635, 0.048916605425338, 0.0094987102458839, 0.39506263132995, 0.4813147938685, 0.54774053639951, 0.58715843157897, 0.27049611158417, 0.18278682138558, 0.10458152408185, 0.044352947888907, 0.0086125314069585, 0.35820540178276, 0.43641069908649, 0.49663927527943, 0.53237969176138, 0.25397997006155, 0.17162609529309, 0.098195911947643, 0.041644814452206, 0.00808666141662, 0.33633384483, 0.40976402817545, 0.46631512567089, 0.49987327870647}};

const double tri_gaussLegendre::Gauss16[3][81] = {{0.013632253948956, 0.014984069204632, 0.014057309956412, 0.010574342645282, 0.0049790890968552, 0.010803255109923, 0.0074586671152216, 0.0043399403722266, 0.0017309113008068, 0.014984069204632, 0.016149385797089, 0.014945348086355, 0.011144926094794, 0.0052237883032395, 0.012195087066929, 0.0087042179101264, 0.0052483020323076, 0.0021515958920774, 0.014057309956412, 0.014945348086355, 0.013697107028185, 0.010149617531045, 0.0047412707896212, 0.011646029406578, 0.0084897418849528, 0.0052296953793356, 0.00217794856697, 0.010574342645282, 0.011144926094794, 0.010149617531045, 0.0074895743459998, 0.003490837435319, 0.0088579292091152, 0.0065400153613134, 0.0040792197453044, 0.0017140130333219, 0.0049790890968552, 0.0052237883032395, 0.0047412707896212, 0.003490837435319, 0.0016250917543561, 0.0041948585186605, 0.0031172951706881, 0.0019565041589576, 0.00082569077544349, 0.010803255109923, 0.012195087066929, 0.011646029406578, 0.0088579292091152, 0.0041948585186605, 0.0082407883367699, 0.0054048992303486, 0.0029613051466291, 0.0011226661074984, 0.0074586671152216, 0.0087042179101264, 0.0084897418849528, 0.0065400153613134, 0.0031172951706881, 0.0054048992303486, 0.0032823767417211, 0.0016200932096039, 0.00055397294803693, 0.0043399403722266, 0.0052483020323076, 0.0052296953793356, 0.0040792197453044, 0.0019565041589576, 0.0029613051466291, 0.0016200932096039, 0.00066886514460888, 0.00017967975696048, 0.0017309113008068, 0.0021515958920774, 0.00217794856697, 0.0017140130333219, 0.00082569077544349, 0.0011226661074984, 0.00055397294803693, 0.00017967975696048, 2.6289796530883e-05},
{0.375, 0.41553167792548, 0.45167142908757, 0.47950388841583, 0.49602002993845, 0.33446832207452, 0.29832857091243, 0.27049611158417, 0.25397997006155, 0.25340496622357, 0.28079410882541, 0.30521542195224, 0.32402311106156, 0.33518383715405, 0.22601582362173, 0.20159451049491, 0.18278682138558, 0.17162609529309, 0.14498571273728, 0.16065641730385, 0.17462907751821, 0.18538990139271, 0.19177551352691, 0.12931500817071, 0.11534234795635, 0.10458152408185, 0.098195911947643, 0.061488334752512, 0.068134269100145, 0.074060064079685, 0.078623721616116, 0.081331855052817, 0.054842400404878, 0.048916605425338, 0.044352947888907, 0.041644814452206, 0.01193991018464, 0.013230429102141, 0.014381110123397, 0.015267288962322, 0.015793158952661, 0.010649391267139, 0.0094987102458839, 0.0086125314069585, 0.00808666141662, 0.49659503377643, 0.55026924702554, 0.59812743622291, 0.6349846657701, 0.65685622272286, 0.44292082052732, 0.39506263132995, 0.35820540178276, 0.33633384483, 0.60501428726272, 0.67040693854711, 0.72871378065694, 0.77361787543895, 0.80026454634999, 0.53962163597834, 0.4813147938685, 0.43641069908649, 0.40976402817545, 0.68851166524749, 0.76292908675081, 0.82928279409546, 0.88038405521554, 0.91070820482409, 0.61409424374417, 0.54774053639951, 0.49663927527943, 0.46631512567089, 0.73806008981536, 0.81783292674881, 0.88896174805175, 0.94374048786934, 0.97624690092425, 0.65828725288191, 0.58715843157897, 0.53237969176138, 0.49987327870647},
{0.375, 0.25340496622357, 0.14498571273728, 0.061488334752512, 0.01193991018464, 0.49659503377643, 0.60501428726272, 0.68851166524749, 0.73806008981536, 0.41553167792548, 0.28079410882541, 0.16065641730385, 0.068134269100145, 0.013230429102141, 0.55026924702554, 0.67040693854711, 0.76292908675081, 0.81783292674881, 0.45167142908757, 0.30521542195224, 0.17462907751821, 0.074060064079685, 0.014381110123397, 0.59812743622291, 0.72871378065694, 0.82928279409546, 0.88896174805175, 0.47950388841583, 0.32402311106156, 0.18538990139271, 0.078623721616116, 0.015267288962322, 0.6349846657701, 0.77361787543895, 0.88038405521554, 0.94374048786934, 0.49602002993845, 0.33518383715405, 0.19177551352691, 0.081331855052817, 0.015793158952661, 0.65685622272286, 0.80026454634999, 0.91070820482409, 0.97624690092425, 0.33446832207452, 0.22601582362173, 0.12931500817071, 0.054842400404878, 0.010649391267139, 0.44292082052732, 0.53962163597834, 0.61409424374417, 0.65828725288191, 0.29832857091243, 0.20159451049491, 0.11534234795635, 0.048916605425338, 0.0094987102458839, 0.39506263132995, 0.4813147938685, 0.54774053639951, 0.58715843157897, 0.27049611158417, 0.18278682138558, 0.10458152408185, 0.044352947888907, 0.0086125314069585, 0.35820540178276, 0.43641069908649, 0.49663927527943, 0.53237969176138, 0.25397997006155, 0.17162609529309, 0.098195911947643, 0.041644814452206, 0.00808666141662, 0.33633384483, 0.40976402817545, 0.46631512567089, 0.49987327870647}};

const double tri_gaussLegendre::Gauss17[3][100] = {{0.012542055423022, 0.012842731055427, 0.011444885477284, 0.008319691366627, 0.0038455089448733, 0.010916820924157, 0.0085318099954824, 0.00594631110762, 0.0035438393575515, 0.001446899227578, 0.012842731055427, 0.012990963892646, 0.01147704148259, 0.0082960926763227, 0.0038230724356844, 0.011361899620911, 0.009063070765996, 0.0064670187582922, 0.0039445779954702, 0.0016375806368154, 0.011444885477284, 0.01147704148259, 0.010076212686334, 0.0072534874941368, 0.003335199558178, 0.010240020749408, 0.0082811477617676, 0.0059998542800605, 0.0037129180345843, 0.0015569944768012, 0.008319691366627, 0.0082960926763227, 0.0072534874941368, 0.0052071883234478, 0.00239074785995, 0.0074977841650233, 0.0061159906250873, 0.0044727700800423, 0.0027919632203661, 0.0011777323831935, 0.0038455089448733, 0.0038230724356844, 0.003335199558178, 0.00239074785995, 0.0010967686305992, 0.0034788501068009, 0.0028505129016815, 0.0020947011003591, 0.0013132982059606, 0.00055563351899095, 0.010916820924157, 0.011361899620911, 0.010240020749408, 0.0074977841650233, 0.0034788501068009, 0.0092915864252923, 0.0070509785609658, 0.0047414463797438, 0.0027219321559479, 0.0010802403895055, 0.0085318099954824, 0.009063070765996, 0.0082811477617676, 0.0061159906250873, 0.0028505129016815, 0.0070509785609658, 0.0051351776393459, 0.0032711250374696, 0.0017644759442348, 0.00066502110281254, 0.00594631110762, 0.0064670187582922, 0.0059998542800605, 0.0044727700800423, 0.0020947011003591, 0.0047414463797438, 0.0032711250374696, 0.0019234958737876, 0.00093220062048986, 0.00031649601898224, 0.0035438393575515, 0.0039445779954702, 0.0037129180345843, 0.0027919632203661, 0.0013132982059606, 0.0027219321559479, 0.0017644759442348, 0.00093220062048986, 0.00037673811728438, 0.00010028272920404, 0.001446899227578, 0.0016375806368154, 0.0015569944768012, 0.0011777323831935, 0.00055563351899095, 0.0010802403895055, 0.00066502110281254, 0.00031649601898224, 0.00010028272920404, 1.4498407382694e-05},
{0.33501096915369, 0.36528136554571, 0.39145498762198, 0.41120682660638, 0.42278672761367, 0.30333327661009, 0.27306288021807, 0.2468892581418, 0.2271374191574, 0.2155575181501, 0.2230208379719, 0.24317220551113, 0.26059630103539, 0.27374533819354, 0.28145421779471, 0.20193261643116, 0.18178124889193, 0.16435715336767, 0.15120811620953, 0.14349923660835, 0.12618737296328, 0.1375892139505, 0.14744793773821, 0.15488779165981, 0.15924955118958, 0.11425545081245, 0.10285360982523, 0.092994886037521, 0.085555032115926, 0.081193272586151, 0.053112312752704, 0.057911351913668, 0.062060892464826, 0.065192329779344, 0.067028196006346, 0.048090162230558, 0.043291123069593, 0.039141582518436, 0.036010145203918, 0.034174278976915, 0.010270632845903, 0.011198650600748, 0.012001071080507, 0.012606615092253, 0.012961627084661, 0.0092994707662178, 0.0083714530113729, 0.0075690325316141, 0.0069634885198682, 0.0066084765274602, 0.45220761559172, 0.4930674829866, 0.52839740445278, 0.55505901506587, 0.57068990451562, 0.40944813864451, 0.36858827124962, 0.33325834978344, 0.30659673917036, 0.2909658497206, 0.56419774677351, 0.61517664302118, 0.65925609103936, 0.69252050347871, 0.71202241433458, 0.51084879882343, 0.45986990257576, 0.41579045455757, 0.38252604211823, 0.36302413126235, 0.66103121178213, 0.72075963458181, 0.77240445433655, 0.81137805001244, 0.83422708093971, 0.59852596444214, 0.53879754164246, 0.48715272188772, 0.44817912621183, 0.42533009528456, 0.7341062719927, 0.80043749661864, 0.85779149960993, 0.9010735118929, 0.92644843612295, 0.66469125302403, 0.5983600283981, 0.54100602540681, 0.49772401312384, 0.47234908889379, 0.7769479518995, 0.84715019793156, 0.90785132099425, 0.95365922657999, 0.98051500504463, 0.70348194448837, 0.63327969845632, 0.57257857539363, 0.52677066980789, 0.49991489134325},
{0.33501096915369, 0.2230208379719, 0.12618737296328, 0.053112312752704, 0.010270632845903, 0.45220761559172, 0.56419774677351, 0.66103121178213, 0.7341062719927, 0.7769479518995, 0.36528136554571, 0.24317220551113, 0.1375892139505, 0.057911351913668, 0.011198650600748, 0.4930674829866, 0.61517664302118, 0.72075963458181, 0.80043749661864, 0.84715019793156, 0.39145498762198, 0.26059630103539, 0.14744793773821, 0.062060892464826, 0.012001071080507, 0.52839740445278, 0.65925609103936, 0.77240445433655, 0.85779149960993, 0.90785132099425, 0.41120682660638, 0.27374533819354, 0.15488779165981, 0.065192329779344, 0.012606615092253, 0.55505901506587, 0.69252050347871, 0.81137805001244, 0.9010735118929, 0.95365922657999, 0.42278672761367, 0.28145421779471, 0.15924955118958, 0.067028196006346, 0.012961627084661, 0.57068990451562, 0.71202241433458, 0.83422708093971, 0.92644843612295, 0.98051500504463, 0.30333327661009, 0.20193261643116, 0.11425545081245, 0.048090162230558, 0.0092994707662178, 0.40944813864451, 0.51084879882343, 0.59852596444214, 0.66469125302403, 0.70348194448837, 0.27306288021807, 0.18178124889193, 0.10285360982523, 0.043291123069593, 0.0083714530113729, 0.36858827124962, 0.45986990257576, 0.53879754164246, 0.5983600283981, 0.63327969845632, 0.2468892581418, 0.16435715336767, 0.092994886037521, 0.039141582518436, 0.0075690325316141, 0.33325834978344, 0.41579045455757, 0.48715272188772, 0.54100602540681, 0.57257857539363, 0.2271374191574, 0.15120811620953, 0.085555032115926, 0.036010145203918, 0.0069634885198682, 0.30659673917036, 0.38252604211823, 0.44817912621183, 0.49772401312384, 0.52677066980789, 0.2155575181501, 0.14349923660835, 0.081193272586151, 0.034174278976915, 0.0066084765274602, 0.2909658497206, 0.36302413126235, 0.42533009528456, 0.47234908889379, 0.49991489134325}};

const double tri_gaussLegendre::Gauss18[3][100] = {{0.012542055423022, 0.012842731055427, 0.011444885477284, 0.008319691366627, 0.0038455089448733, 0.010916820924157, 0.0085318099954824, 0.00594631110762, 0.0035438393575515, 0.001446899227578, 0.012842731055427, 0.012990963892646, 0.01147704148259, 0.0082960926763227, 0.0038230724356844, 0.011361899620911, 0.009063070765996, 0.0064670187582922, 0.0039445779954702, 0.0016375806368154, 0.011444885477284, 0.01147704148259, 0.010076212686334, 0.0072534874941368, 0.003335199558178, 0.010240020749408, 0.0082811477617676, 0.0059998542800605, 0.0037129180345843, 0.0015569944768012, 0.008319691366627, 0.0082960926763227, 0.0072534874941368, 0.0052071883234478, 0.00239074785995, 0.0074977841650233, 0.0061159906250873, 0.0044727700800423, 0.0027919632203661, 0.0011777323831935, 0.0038455089448733, 0.0038230724356844, 0.003335199558178, 0.00239074785995, 0.0010967686305992, 0.0034788501068009, 0.0028505129016815, 0.0020947011003591, 0.0013132982059606, 0.00055563351899095, 0.010916820924157, 0.011361899620911, 0.010240020749408, 0.0074977841650233, 0.0034788501068009, 0.0092915864252923, 0.0070509785609658, 0.0047414463797438, 0.0027219321559479, 0.0010802403895055, 0.0085318099954824, 0.009063070765996, 0.0082811477617676, 0.0061159906250873, 0.0028505129016815, 0.0070509785609658, 0.0051351776393459, 0.0032711250374696, 0.0017644759442348, 0.00066502110281254, 0.00594631110762, 0.0064670187582922, 0.0059998542800605, 0.0044727700800423, 0.0020947011003591, 0.0047414463797438, 0.0032711250374696, 0.0019234958737876, 0.00093220062048986, 0.00031649601898224, 0.0035438393575515, 0.0039445779954702, 0.0037129180345843, 0.0027919632203661, 0.0013132982059606, 0.0027219321559479, 0.0017644759442348, 0.00093220062048986, 0.00037673811728438, 0.00010028272920404, 0.001446899227578, 0.0016375806368154, 0.0015569944768012, 0.0011777323831935, 0.00055563351899095, 0.0010802403895055, 0.00066502110281254, 0.00031649601898224, 0.00010028272920404, 1.4498407382694e-05},
{0.33501096915369, 0.36528136554571, 0.39145498762198, 0.41120682660638, 0.42278672761367, 0.30333327661009, 0.27306288021807, 0.2468892581418, 0.2271374191574, 0.2155575181501, 0.2230208379719, 0.24317220551113, 0.26059630103539, 0.27374533819354, 0.28145421779471, 0.20193261643116, 0.18178124889193, 0.16435715336767, 0.15120811620953, 0.14349923660835, 0.12618737296328, 0.1375892139505, 0.14744793773821, 0.15488779165981, 0.15924955118958, 0.11425545081245, 0.10285360982523, 0.092994886037521, 0.085555032115926, 0.081193272586151, 0.053112312752704, 0.057911351913668, 0.062060892464826, 0.065192329779344, 0.067028196006346, 0.048090162230558, 0.043291123069593, 0.039141582518436, 0.036010145203918, 0.034174278976915, 0.010270632845903, 0.011198650600748, 0.012001071080507, 0.012606615092253, 0.012961627084661, 0.0092994707662178, 0.0083714530113729, 0.0075690325316141, 0.0069634885198682, 0.0066084765274602, 0.45220761559172, 0.4930674829866, 0.52839740445278, 0.55505901506587, 0.57068990451562, 0.40944813864451, 0.36858827124962, 0.33325834978344, 0.30659673917036, 0.2909658497206, 0.56419774677351, 0.61517664302118, 0.65925609103936, 0.69252050347871, 0.71202241433458, 0.51084879882343, 0.45986990257576, 0.41579045455757, 0.38252604211823, 0.36302413126235, 0.66103121178213, 0.72075963458181, 0.77240445433655, 0.81137805001244, 0.83422708093971, 0.59852596444214, 0.53879754164246, 0.48715272188772, 0.44817912621183, 0.42533009528456, 0.7341062719927, 0.80043749661864, 0.85779149960993, 0.9010735118929, 0.92644843612295, 0.66469125302403, 0.5983600283981, 0.54100602540681, 0.49772401312384, 0.47234908889379, 0.7769479518995, 0.84715019793156, 0.90785132099425, 0.95365922657999, 0.98051500504463, 0.70348194448837, 0.63327969845632, 0.57257857539363, 0.52677066980789, 0.49991489134325},
{0.33501096915369, 0.2230208379719, 0.12618737296328, 0.053112312752704, 0.010270632845903, 0.45220761559172, 0.56419774677351, 0.66103121178213, 0.7341062719927, 0.7769479518995, 0.36528136554571, 0.24317220551113, 0.1375892139505, 0.057911351913668, 0.011198650600748, 0.4930674829866, 0.61517664302118, 0.72075963458181, 0.80043749661864, 0.84715019793156, 0.39145498762198, 0.26059630103539, 0.14744793773821, 0.062060892464826, 0.012001071080507, 0.52839740445278, 0.65925609103936, 0.77240445433655, 0.85779149960993, 0.90785132099425, 0.41120682660638, 0.27374533819354, 0.15488779165981, 0.065192329779344, 0.012606615092253, 0.55505901506587, 0.69252050347871, 0.81137805001244, 0.9010735118929, 0.95365922657999, 0.42278672761367, 0.28145421779471, 0.15924955118958, 0.067028196006346, 0.012961627084661, 0.57068990451562, 0.71202241433458, 0.83422708093971, 0.92644843612295, 0.98051500504463, 0.30333327661009, 0.20193261643116, 0.11425545081245, 0.048090162230558, 0.0092994707662178, 0.40944813864451, 0.51084879882343, 0.59852596444214, 0.66469125302403, 0.70348194448837, 0.27306288021807, 0.18178124889193, 0.10285360982523, 0.043291123069593, 0.0083714530113729, 0.36858827124962, 0.45986990257576, 0.53879754164246, 0.5983600283981, 0.63327969845632, 0.2468892581418, 0.16435715336767, 0.092994886037521, 0.039141582518436, 0.0075690325316141, 0.33325834978344, 0.41579045455757, 0.48715272188772, 0.54100602540681, 0.57257857539363, 0.2271374191574, 0.15120811620953, 0.085555032115926, 0.036010145203918, 0.0069634885198682, 0.30659673917036, 0.38252604211823, 0.44817912621183, 0.49772401312384, 0.52677066980789, 0.2155575181501, 0.14349923660835, 0.081193272586151, 0.034174278976915, 0.0066084765274602, 0.2909658497206, 0.36302413126235, 0.42533009528456, 0.47234908889379, 0.49991489134325}};

